0 1
0 2
0 3
1 69
1 72
2 70
2 73
3 68
3 71
4 5
4 6
4 47
5 33
5 45
6 31
6 32
7 39
7 45
7 59
8 12
8 28
8 32
9 27
9 32
9 40
10 20
10 22
10 34
11 21
11 34
11 42
12 13
12 35
13 14
13 15
14 30
14 36
15 28
15 29
16 17
16 37
16 42
17 21
17 24
18 20
18 25
18 43
19 20
19 38
19 46
21 22
22 23
23 24
23 25
24 41
25 30
26 27
26 29
26 43
27 28
29 30
31 33
31 40
33 39
34 49
35 36
35 51
36 57
37 41
37 56
38 44
38 52
39 53
40 53
41 55
42 54
43 52
44 48
44 58
45 50
46 48
46 49
47 50
47 51
48 67
49 65
50 61
51 63
52 62
53 60
54 56
54 65
55 57
55 64
56 64
57 63
58 62
58 66
59 60
59 61
60 73
61 72
62 70
63 69
64 69
65 68
66 67
66 71
67 68
70 71
72 73
