0 1
0 2
0 3
1 73
1 76
2 72
2 77
3 74
3 75
4 7
4 10
4 11
5 6
5 12
5 35
6 8
6 34
7 15
7 22
8 13
8 33
9 14
9 17
9 21
10 18
10 20
11 16
11 19
12 13
12 14
13 24
14 23
15 16
15 29
16 32
17 18
17 30
18 31
19 20
19 28
20 27
21 24
21 26
22 23
22 25
23 38
24 39
25 29
25 40
26 30
26 41
27 31
27 45
28 32
28 44
29 42
30 43
31 43
32 42
33 37
33 39
34 36
34 37
35 36
35 38
36 50
37 51
38 54
39 55
40 54
40 71
41 55
41 70
42 57
43 56
44 46
44 57
45 47
45 56
46 47
46 53
47 52
48 50
48 51
48 63
49 52
49 53
49 62
50 58
51 59
52 61
53 60
54 58
55 59
56 61
57 60
58 69
59 68
60 65
61 64
62 64
62 65
63 66
63 67
64 75
65 74
66 69
66 77
67 68
67 76
68 73
69 72
70 73
70 75
71 72
71 74
76 77
