0 1
0 2
0 3
1 68
1 72
2 69
2 71
3 70
3 73
4 5
4 6
4 54
5 47
5 52
6 46
6 53
7 16
7 26
7 50
8 21
8 25
8 50
9 10
9 16
9 28
10 20
10 24
11 12
11 22
11 24
12 15
12 20
13 14
13 18
13 23
14 15
14 22
15 19
16 27
17 23
17 49
17 60
18 19
18 49
19 48
20 48
21 35
21 51
22 33
23 33
24 31
25 26
25 34
26 30
27 30
27 32
28 31
28 32
29 38
29 51
29 59
30 39
31 41
32 40
33 37
34 35
34 39
35 38
36 42
36 52
36 61
37 43
37 53
38 42
39 44
40 41
40 45
41 43
42 47
43 46
44 45
44 47
45 46
48 58
49 58
50 57
51 57
52 56
53 55
54 55
54 56
55 65
56 62
57 63
58 64
59 63
59 67
60 64
60 65
61 62
61 66
62 73
63 69
64 71
65 70
66 67
66 72
67 68
68 69
70 71
72 73
