0 1
0 2
0 3
1 69
1 70
2 71
2 72
3 68
3 73
4 10
4 11
4 17
5 6
5 7
5 15
6 8
6 16
7 9
7 12
8 9
8 11
9 10
10 23
11 26
12 13
12 22
13 21
13 27
14 18
14 21
14 40
15 19
15 22
16 19
16 20
17 24
17 25
18 33
18 41
19 31
20 28
20 37
21 39
22 30
23 24
23 34
24 35
25 26
25 36
26 38
27 30
27 32
28 29
28 31
29 47
29 59
30 51
31 44
32 39
32 50
33 34
33 49
34 45
35 36
35 45
36 46
37 38
37 47
38 46
39 43
40 42
40 43
41 42
41 48
42 57
43 55
44 53
44 58
45 52
46 54
47 54
48 49
48 56
49 52
50 51
50 55
51 53
52 61
53 66
54 60
55 65
56 57
56 61
57 67
58 62
58 63
59 60
59 64
60 73
61 68
62 66
62 70
63 64
63 71
64 72
65 67
65 69
66 69
67 68
70 71
72 73
