0 1
0 2
0 3
1 71
1 72
2 73
2 74
3 70
3 75
4 5
4 44
4 45
5 6
5 7
6 41
6 51
7 42
7 43
8 9
8 47
8 51
9 10
9 41
10 11
10 12
11 37
11 40
12 38
12 39
13 22
13 25
13 49
14 20
14 46
14 49
15 16
15 26
15 52
16 17
16 48
17 18
17 42
18 26
18 43
19 24
19 27
19 30
20 25
20 30
21 42
21 44
21 48
22 23
22 29
23 24
23 28
24 25
26 31
27 28
27 36
28 34
29 34
29 47
30 35
31 38
31 50
32 39
32 46
32 50
33 38
33 41
33 43
34 37
35 36
35 40
36 37
39 40
44 61
45 59
45 60
46 58
47 57
48 54
49 56
50 53
51 55
52 53
52 54
53 64
54 63
55 57
55 69
56 58
56 65
57 65
58 64
59 62
59 67
60 66
60 68
61 62
61 63
62 72
63 71
64 71
65 70
66 69
66 75
67 68
67 73
68 74
69 70
72 73
74 75
