0 1
0 2
0 3
1 68
1 73
2 69
2 72
3 70
3 71
4 5
4 55
4 61
5 6
5 7
6 52
6 53
7 51
7 54
8 32
8 38
8 44
9 31
9 37
9 38
10 11
10 12
10 44
11 30
11 32
12 29
12 43
13 14
13 15
13 30
14 25
14 28
15 26
15 27
16 19
16 33
16 36
17 19
17 34
17 35
18 20
18 24
18 35
19 24
20 23
20 37
21 27
21 36
21 42
22 28
22 42
22 45
23 26
23 31
24 26
25 29
25 41
27 28
29 30
31 32
33 34
33 40
34 39
35 57
36 56
37 60
38 59
39 57
39 58
40 56
40 58
41 43
41 47
42 50
43 46
44 46
45 48
45 49
46 52
47 48
47 52
48 53
49 50
49 54
50 51
51 55
53 54
55 65
56 67
57 63
58 66
59 60
59 62
60 63
61 62
61 64
62 69
63 72
64 65
64 68
65 73
66 67
66 71
67 70
68 69
70 73
71 72
