0 1
0 2
0 3
1 69
1 70
2 71
2 72
3 68
3 73
4 5
4 6
4 59
5 50
5 57
6 49
6 58
7 33
7 34
7 44
8 9
8 10
8 33
9 34
9 38
10 31
10 32
11 29
11 53
11 55
12 28
12 30
12 55
13 19
13 22
13 27
14 32
14 53
14 54
15 21
15 25
15 26
16 17
16 18
16 24
17 20
17 22
18 21
18 23
19 20
19 25
20 21
22 52
23 26
23 35
24 35
24 51
25 37
26 36
27 28
27 31
28 52
29 30
29 32
30 31
33 41
34 43
35 39
36 37
36 39
37 40
38 42
38 54
39 48
40 41
40 48
41 47
42 43
42 45
43 46
44 46
44 47
45 50
45 56
46 50
47 49
48 49
51 58
51 64
52 65
53 67
54 63
55 66
56 57
56 62
57 61
58 60
59 60
59 61
60 69
61 68
62 63
62 68
63 73
64 65
64 69
65 70
66 67
66 71
67 72
70 71
72 73
