0 1
0 2
0 3
1 65
1 68
2 66
2 69
3 64
3 67
4 5
4 41
4 47
5 6
5 42
6 7
6 8
7 38
7 39
8 37
8 40
9 22
9 25
9 30
10 13
10 28
10 30
11 31
11 43
11 54
12 13
12 14
12 46
13 25
14 24
14 44
15 16
15 20
15 29
16 19
16 23
17 18
17 22
17 24
18 19
18 21
19 45
20 43
20 45
21 23
21 27
22 27
23 26
24 25
26 29
26 34
27 34
28 36
28 46
29 33
30 35
31 32
31 33
32 38
32 41
33 38
34 39
35 36
35 40
36 37
37 42
39 40
41 51
42 48
43 52
44 49
44 55
45 53
46 49
47 48
47 50
48 61
49 63
50 51
50 60
51 57
52 53
52 56
53 62
54 56
54 57
55 58
55 59
56 65
57 64
58 63
58 69
59 62
59 68
60 61
60 64
61 67
62 65
63 66
66 67
68 69
