0 1
0 2
0 3
1 72
1 73
2 68
2 71
3 69
3 70
4 5
4 6
4 39
5 10
5 17
6 9
6 18
7 9
7 13
7 15
8 10
8 14
8 16
9 10
11 16
11 20
11 28
12 15
12 21
12 29
13 18
13 24
14 17
14 25
15 27
16 26
17 23
18 22
19 20
19 21
19 38
20 37
21 36
22 33
22 41
23 32
23 40
24 27
24 33
25 26
25 32
26 31
27 30
28 31
28 34
29 30
29 35
30 53
31 52
32 51
33 50
34 37
34 55
35 36
35 54
36 43
37 42
38 42
38 43
39 44
39 45
40 47
40 48
41 46
41 49
42 57
43 56
44 48
44 67
45 49
45 66
46 50
46 59
47 51
47 58
48 65
49 64
50 63
51 62
52 55
52 61
53 54
53 60
54 56
55 57
56 73
57 72
58 65
58 71
59 64
59 70
60 63
60 73
61 62
61 72
62 71
63 70
64 69
65 68
66 67
66 69
67 68
