0 1
0 2
0 3
1 69
1 70
2 71
2 72
3 68
3 73
4 5
4 6
4 59
5 50
5 57
6 49
6 58
7 8
7 9
7 43
8 37
8 42
9 38
9 41
10 19
10 22
10 25
11 17
11 20
11 25
12 13
12 26
12 53
13 14
13 28
14 15
14 16
15 23
15 30
16 21
16 22
17 18
17 22
18 53
18 54
19 21
19 27
20 24
20 54
21 23
23 29
24 40
24 52
25 40
26 34
26 55
27 29
27 32
28 30
28 34
29 33
30 33
31 35
31 41
31 55
32 36
32 42
33 36
34 35
35 38
36 37
37 38
39 46
39 51
39 52
40 46
41 45
42 44
43 44
43 45
44 48
45 47
46 48
47 50
47 56
48 49
49 50
51 58
51 64
52 65
53 67
54 66
55 63
56 57
56 62
57 61
58 60
59 60
59 61
60 69
61 68
62 63
62 68
63 73
64 65
64 69
65 70
66 67
66 71
67 72
70 71
72 73
