0 1
0 2
0 3
1 88
1 89
2 91
2 93
3 90
3 92
4 9
4 20
4 34
5 6
5 7
5 8
6 10
6 12
7 13
7 32
8 14
8 31
9 15
9 19
10 14
10 17
11 15
11 16
11 18
12 13
12 16
13 30
14 29
15 28
16 27
17 24
17 26
18 22
18 24
19 23
19 25
20 21
20 23
21 38
21 62
22 37
22 63
23 46
24 43
25 28
25 45
26 29
26 44
27 30
27 42
28 41
29 40
30 39
31 35
31 40
32 36
32 39
33 35
33 36
33 61
34 37
34 38
35 60
36 59
37 54
38 53
39 58
40 57
41 42
41 55
42 56
43 44
43 50
44 52
45 46
45 49
46 51
47 50
47 52
47 77
48 49
48 51
48 76
49 69
50 74
51 75
52 73
53 54
53 67
54 66
55 56
55 69
56 68
57 60
57 72
58 59
58 68
59 65
60 64
61 64
61 65
62 67
62 70
63 66
63 71
64 83
65 82
66 87
67 85
68 82
69 78
70 75
70 84
71 74
71 86
72 73
72 83
73 79
74 81
75 80
76 78
76 80
77 79
77 81
78 88
79 89
80 91
81 90
82 88
83 89
84 85
84 91
85 93
86 87
86 90
87 92
92 93
