0 1
0 2
0 3
1 68
1 69
2 70
2 71
3 72
3 73
4 5
4 6
4 24
5 21
5 23
6 19
6 20
7 12
7 13
7 33
8 9
8 12
8 14
9 10
9 13
10 15
10 17
11 16
11 18
11 25
12 32
13 29
14 15
14 31
15 28
16 20
16 27
17 19
17 26
18 21
18 30
19 27
20 21
22 29
22 42
22 43
23 30
23 36
24 36
24 41
25 38
25 40
26 28
26 39
27 39
28 35
29 37
30 38
31 32
31 35
32 34
33 34
33 37
34 45
35 45
36 53
37 44
38 54
39 55
40 51
40 52
41 49
41 50
42 44
42 46
43 47
43 48
44 58
45 56
46 47
46 59
47 60
48 49
48 61
49 62
50 53
50 63
51 54
51 67
52 55
52 66
53 64
54 65
55 57
56 57
56 68
57 73
58 59
58 68
59 69
60 61
60 69
61 70
62 63
62 70
63 71
64 65
64 71
65 72
66 67
66 73
67 72
