0 1
0 2
0 3
1 70
1 72
2 69
2 71
3 68
3 73
4 5
4 6
4 51
5 42
5 49
6 41
6 50
7 8
7 9
7 44
8 36
8 37
9 35
9 43
10 11
10 12
10 32
11 29
11 31
12 28
12 30
13 14
13 18
13 37
14 15
14 38
15 19
15 45
16 20
16 46
16 58
17 25
17 46
17 47
18 19
18 23
19 24
20 21
20 25
21 24
21 45
22 26
22 30
22 47
23 27
23 31
24 27
25 26
26 28
27 29
28 29
30 34
31 33
32 33
32 34
33 36
34 35
35 36
37 40
38 39
38 40
39 42
39 48
40 41
41 42
43 55
43 59
44 50
44 55
45 54
46 57
47 56
48 49
48 54
49 53
50 52
51 52
51 53
52 65
53 66
54 60
55 64
56 57
56 67
57 61
58 60
58 61
59 62
59 63
60 69
61 68
62 64
62 72
63 67
63 73
64 70
65 66
65 71
66 69
67 68
70 71
72 73
