0 1
0 2
0 3
1 86
1 87
2 84
2 87
3 83
3 85
4 5
4 6
4 87
5 82
5 86
6 80
6 81
7 82
7 83
7 85
8 9
8 10
8 82
9 79
9 85
10 78
10 81
11 27
11 28
11 79
12 27
12 44
12 79
13 15
13 18
13 80
14 18
14 77
14 80
15 16
15 81
16 17
16 78
17 18
17 19
19 76
19 77
20 21
20 22
20 75
21 71
21 74
22 72
22 73
23 24
23 33
23 84
24 25
24 26
25 32
25 37
26 31
26 33
27 30
28 29
28 36
29 30
29 35
30 38
31 32
31 39
32 34
33 42
34 37
34 43
35 36
35 41
36 40
37 40
38 41
38 44
39 42
39 43
40 46
41 46
42 45
43 49
44 50
45 64
45 84
46 63
47 52
47 56
47 62
48 51
48 55
48 59
49 51
49 60
50 52
50 61
51 64
52 63
53 58
53 62
53 70
54 57
54 59
54 69
55 57
55 60
56 58
56 61
57 66
58 68
59 65
60 66
61 68
62 67
63 67
64 65
65 71
66 74
67 73
68 72
69 71
69 74
70 72
70 73
75 76
75 77
76 78
83 86
