0 1
0 2
0 3
1 70
1 72
2 68
2 71
3 69
3 73
4 5
4 6
4 49
5 40
5 48
6 39
6 47
7 23
7 38
7 46
8 9
8 10
8 48
9 37
9 45
10 35
10 36
11 12
11 13
11 45
12 34
12 37
13 32
13 33
14 30
14 36
14 38
15 16
15 17
15 36
16 34
16 35
17 30
17 31
18 25
18 26
18 33
19 22
19 33
19 44
20 23
20 27
20 31
21 24
21 26
21 27
22 26
22 29
23 30
24 25
24 31
25 32
27 41
28 41
28 42
28 58
29 42
29 43
32 34
35 37
38 40
39 40
39 46
41 53
42 56
43 44
43 55
44 54
45 57
46 52
47 50
47 59
48 51
49 50
49 51
50 67
51 62
52 53
52 66
53 60
54 57
54 63
55 56
55 63
56 61
57 62
58 60
58 61
59 64
59 65
60 69
61 68
62 71
63 68
64 67
64 72
65 66
65 73
66 69
67 70
70 71
72 73
