0 1
0 2
0 3
1 114
1 115
2 113
2 115
3 112
3 114
4 5
4 6
4 7
5 9
5 10
6 8
6 11
7 8
7 9
8 15
9 14
10 12
10 14
11 13
11 15
12 17
12 19
13 16
13 18
14 17
15 16
16 23
17 22
18 21
18 23
19 20
19 22
20 25
20 27
21 24
21 26
22 25
23 24
24 31
25 30
26 29
26 31
27 28
27 30
28 33
28 35
29 32
29 34
30 33
31 32
32 39
33 38
34 37
34 39
35 36
35 38
36 41
36 43
37 40
37 42
38 41
39 40
40 47
41 46
42 45
42 47
43 44
43 46
44 49
44 51
45 48
45 50
46 49
47 48
48 55
49 54
50 53
50 55
51 52
51 54
52 57
52 59
53 56
53 58
54 57
55 56
56 63
57 62
58 61
58 63
59 60
59 62
60 65
60 67
61 64
61 66
62 65
63 64
64 71
65 70
66 69
66 71
67 68
67 70
68 73
68 75
69 72
69 74
70 73
71 72
72 79
73 78
74 77
74 79
75 76
75 78
76 81
76 83
77 80
77 82
78 81
79 80
80 87
81 86
82 85
82 87
83 84
83 86
84 89
84 91
85 88
85 90
86 89
87 88
88 95
89 94
90 93
90 95
91 92
91 94
92 97
92 99
93 96
93 98
94 97
95 96
96 103
97 102
98 101
98 103
99 100
99 102
100 105
100 107
101 104
101 106
102 105
103 104
104 111
105 110
106 109
106 111
107 108
107 110
108 113
108 115
109 112
109 114
110 113
111 112
