0 1
0 2
0 3
1 73
1 75
2 74
2 77
3 72
3 76
4 5
4 55
4 63
5 6
5 7
6 51
6 54
7 52
7 53
8 11
8 44
8 61
9 18
9 26
9 46
10 24
10 30
10 46
11 38
11 57
12 13
12 57
12 58
13 14
13 15
14 38
14 40
15 37
15 39
16 25
16 42
16 43
17 18
17 33
17 44
18 19
19 34
19 35
20 25
20 27
20 36
21 26
21 35
21 36
22 23
22 24
22 32
23 27
23 29
24 28
25 29
26 28
27 28
29 31
30 41
30 45
31 32
31 42
32 41
33 34
33 38
34 40
35 39
36 37
37 43
39 40
41 60
42 59
43 58
44 48
45 50
45 56
46 49
47 48
47 52
47 61
48 53
49 50
49 54
50 51
51 62
52 55
53 54
55 71
56 62
56 65
57 69
58 64
59 60
59 64
60 65
61 70
62 68
63 66
63 67
64 73
65 72
66 68
66 76
67 71
67 77
68 72
69 70
69 73
70 75
71 74
74 75
76 77
