0 1
0 2
0 3
1 69
1 70
2 71
2 72
3 68
3 73
4 5
4 6
4 48
5 39
5 47
6 37
6 38
7 47
7 58
7 59
8 41
8 44
8 57
9 11
9 34
9 38
10 15
10 33
10 38
11 12
11 40
12 13
12 14
13 36
13 42
14 34
14 35
15 16
15 37
16 17
16 43
17 18
17 19
18 30
18 46
19 28
19 29
20 21
20 22
20 46
21 27
21 45
22 26
22 30
23 24
23 44
23 45
24 27
24 41
25 26
25 28
25 31
26 27
28 30
29 31
29 32
31 36
32 33
32 35
33 34
35 36
37 39
39 43
40 42
40 50
41 53
42 54
43 56
44 55
45 52
46 51
47 49
48 49
48 50
49 63
50 64
51 56
51 65
52 55
52 65
53 54
53 60
54 64
55 61
56 62
57 60
57 61
58 63
58 66
59 62
59 67
60 69
61 68
62 73
63 70
64 69
65 68
66 67
66 71
67 72
70 71
72 73
