0 1
0 2
0 3
1 69
1 72
2 70
2 73
3 68
3 71
4 5
4 45
4 51
5 6
5 46
6 7
6 8
7 42
7 44
8 41
8 43
9 45
9 50
9 59
10 11
10 12
10 49
11 36
11 48
12 34
12 35
13 16
13 25
13 29
14 24
14 31
14 47
15 17
15 25
15 47
16 17
16 18
17 24
18 22
18 23
19 21
19 23
19 32
20 28
20 30
20 33
21 22
21 31
22 24
23 27
25 40
26 30
26 38
26 48
27 28
27 37
28 38
29 37
29 39
30 36
31 34
32 33
32 34
33 35
35 36
37 44
38 42
39 40
39 43
40 41
41 50
42 46
43 44
45 55
46 52
47 57
48 53
49 53
49 58
50 56
51 52
51 54
52 65
53 67
54 55
54 64
55 61
56 57
56 60
57 66
58 62
58 63
59 60
59 61
60 69
61 68
62 67
62 73
63 66
63 72
64 65
64 68
65 71
66 69
67 70
70 71
72 73
