0 1
0 2
0 3
1 68
1 72
2 69
2 73
3 70
3 71
4 5
4 6
4 43
5 30
5 41
6 29
6 42
7 22
7 24
7 25
8 21
8 23
8 25
9 10
9 17
9 31
10 11
10 32
11 18
11 33
12 13
12 16
12 35
13 36
13 37
14 35
14 36
14 53
15 33
15 37
15 52
16 20
16 34
17 18
17 22
18 24
19 20
19 21
19 38
20 23
21 39
22 26
23 24
25 28
26 27
26 28
27 30
27 40
28 29
29 30
31 46
31 60
32 48
32 61
33 48
34 38
34 49
35 49
36 51
37 50
38 47
39 42
39 47
40 41
40 46
41 45
42 44
43 44
43 45
44 59
45 58
46 58
47 59
48 57
49 56
50 51
50 55
51 54
52 55
52 57
53 54
53 56
54 65
55 65
56 64
57 62
58 63
59 64
60 63
60 67
61 62
61 66
62 72
63 73
64 69
65 68
66 67
66 71
67 70
68 69
70 73
71 72
