0 1
0 2
0 3
1 69
1 70
2 71
2 72
3 68
3 73
4 5
4 40
4 57
5 6
5 7
6 35
6 36
7 34
7 37
8 10
8 13
8 22
9 14
9 22
9 44
10 11
10 47
11 12
11 48
12 13
12 46
13 14
14 25
15 16
15 23
15 43
16 17
16 18
17 20
17 45
18 21
18 24
19 25
19 42
19 44
20 21
20 27
21 28
22 38
23 24
23 33
24 31
25 32
26 27
26 30
26 45
27 29
28 29
28 31
29 37
30 37
30 41
31 36
32 33
32 35
33 36
34 40
34 41
35 42
38 47
38 59
39 43
39 46
39 58
40 52
41 53
42 54
43 56
44 51
45 55
46 50
47 49
48 49
48 50
49 64
50 63
51 54
51 67
52 53
52 60
53 65
54 61
55 56
55 65
56 62
57 60
57 61
58 62
58 63
59 64
59 66
60 69
61 68
62 70
63 71
64 72
65 69
66 67
66 73
67 68
70 71
72 73
