0 1
0 2
0 3
1 70
1 73
2 69
2 71
3 68
3 72
4 42
4 43
4 59
5 6
5 7
5 37
6 34
6 36
7 32
7 33
8 9
8 22
8 36
9 20
9 34
10 18
10 21
10 33
11 12
11 33
11 45
12 21
12 46
13 17
13 26
13 46
14 15
14 16
14 31
15 27
15 29
16 26
16 28
17 19
17 21
18 19
18 32
19 24
20 23
20 25
22 23
22 27
23 29
24 25
24 26
25 28
27 30
28 29
30 31
30 49
31 48
32 34
35 39
35 44
35 45
36 38
37 38
37 39
38 41
39 40
40 41
40 43
41 42
42 57
43 56
44 47
44 53
45 52
46 50
47 55
47 58
48 50
48 51
49 51
49 54
50 63
51 65
52 53
52 63
53 60
54 57
54 67
55 56
55 66
56 62
57 61
58 60
58 64
59 61
59 62
60 73
61 69
62 68
63 70
64 66
64 72
65 67
65 71
66 68
67 69
70 71
72 73
