0 1
0 2
0 3
1 66
1 69
2 65
2 67
3 64
3 68
4 12
4 35
4 55
5 6
5 53
5 54
6 7
6 8
7 42
7 44
8 41
8 43
9 11
9 46
9 47
10 36
10 39
10 40
11 14
11 40
12 13
12 45
13 14
13 15
14 36
15 34
15 35
16 17
16 18
16 35
17 33
17 48
18 32
18 34
19 27
19 28
19 51
20 25
20 26
20 28
21 24
21 26
21 38
22 23
22 38
22 49
23 24
23 50
24 25
25 27
26 37
27 50
28 31
29 30
29 31
29 51
30 33
30 52
31 32
32 33
34 36
37 39
37 42
38 42
39 44
40 43
41 47
41 53
43 44
45 46
45 56
46 57
47 57
48 52
48 61
49 54
49 58
50 58
51 59
52 59
53 63
54 62
55 56
55 60
56 66
57 69
58 64
59 65
60 61
60 67
61 65
62 63
62 64
63 68
66 67
68 69
