0 1
0 2
0 3
1 69
1 73
2 68
2 72
3 70
3 71
4 18
4 35
4 45
5 6
5 7
5 43
6 35
6 38
7 36
7 37
8 10
8 21
8 27
9 13
9 20
9 24
10 19
10 26
11 18
11 22
11 26
12 14
12 17
12 44
13 23
13 44
14 15
14 46
15 16
15 47
16 17
16 18
17 22
19 20
19 22
20 21
21 25
23 30
23 39
24 25
24 30
25 29
26 28
27 28
27 29
28 34
29 33
30 32
31 32
31 36
31 39
32 37
33 34
33 38
34 35
36 42
37 38
39 41
40 43
40 45
40 53
41 42
41 54
42 50
43 49
44 52
45 51
46 52
46 60
47 51
47 61
48 49
48 50
48 59
49 56
50 55
51 58
52 57
53 56
53 58
54 55
54 57
55 63
56 62
57 65
58 64
59 62
59 63
60 65
60 66
61 64
61 67
62 69
63 68
64 73
65 72
66 67
66 71
67 70
68 69
70 73
71 72
