0 1
0 2
0 3
1 70
1 75
2 71
2 73
3 72
3 74
4 35
4 37
4 57
5 6
5 36
5 59
6 7
6 8
7 32
7 34
8 31
8 33
9 10
9 11
9 44
10 25
10 30
11 23
11 24
12 25
12 26
12 27
13 14
13 24
13 46
14 23
14 39
15 20
15 22
15 29
16 21
16 29
16 42
17 18
17 35
17 40
18 19
18 37
19 20
19 41
20 28
21 36
21 45
22 41
22 42
23 25
24 38
26 30
26 33
27 28
27 34
28 32
29 32
30 31
31 44
33 34
35 52
36 55
37 48
38 43
38 49
39 40
39 47
40 51
41 48
42 50
43 54
43 58
44 53
45 50
45 56
46 47
46 49
47 65
48 61
49 62
50 67
51 52
51 65
52 60
53 54
53 63
54 69
55 56
55 64
56 68
57 60
57 61
58 62
58 66
59 63
59 64
60 70
61 71
62 75
63 72
64 73
65 70
66 69
66 74
67 68
67 71
68 73
69 72
74 75
