0 1
0 2
0 3
1 208
1 209
2 207
2 209
3 206
3 208
4 5
4 7
4 8
5 6
5 9
6 7
6 13
7 12
8 10
8 12
9 11
9 13
10 15
10 17
11 14
11 16
12 15
13 14
14 21
15 20
16 19
16 21
17 18
17 20
18 23
18 25
19 22
19 24
20 23
21 22
22 29
23 28
24 27
24 29
25 26
25 28
26 31
26 33
27 30
27 32
28 31
29 30
30 37
31 36
32 35
32 37
33 34
33 36
34 39
34 41
35 38
35 40
36 39
37 38
38 45
39 44
40 43
40 45
41 42
41 44
42 47
42 49
43 46
43 48
44 47
45 46
46 53
47 52
48 51
48 53
49 50
49 52
50 55
50 57
51 54
51 56
52 55
53 54
54 61
55 60
56 59
56 61
57 58
57 60
58 63
58 65
59 62
59 64
60 63
61 62
62 69
63 68
64 67
64 69
65 66
65 68
66 71
66 73
67 70
67 72
68 71
69 70
70 77
71 76
72 75
72 77
73 74
73 76
74 79
74 81
75 78
75 80
76 79
77 78
78 85
79 84
80 83
80 85
81 82
81 84
82 87
82 89
83 86
83 88
84 87
85 86
86 93
87 92
88 91
88 93
89 90
89 92
90 95
90 97
91 94
91 96
92 95
93 94
94 101
95 100
96 99
96 101
97 98
97 100
98 103
98 105
99 102
99 104
100 103
101 102
102 109
103 108
104 107
104 109
105 106
105 108
106 111
106 113
107 110
107 112
108 111
109 110
110 117
111 116
112 115
112 117
113 114
113 116
114 119
114 121
115 118
115 120
116 119
117 118
118 125
119 124
120 123
120 125
121 122
121 124
122 127
122 129
123 126
123 128
124 127
125 126
126 133
127 132
128 131
128 133
129 130
129 132
130 135
130 137
131 134
131 136
132 135
133 134
134 141
135 140
136 139
136 141
137 138
137 140
138 143
138 145
139 142
139 144
140 143
141 142
142 149
143 148
144 147
144 149
145 146
145 148
146 151
146 153
147 150
147 152
148 151
149 150
150 157
151 156
152 155
152 157
153 154
153 156
154 159
154 161
155 158
155 160
156 159
157 158
158 165
159 164
160 163
160 165
161 162
161 164
162 167
162 169
163 166
163 168
164 167
165 166
166 173
167 172
168 171
168 173
169 170
169 172
170 175
170 177
171 174
171 176
172 175
173 174
174 181
175 180
176 179
176 181
177 178
177 180
178 183
178 185
179 182
179 184
180 183
181 182
182 189
183 188
184 187
184 189
185 186
185 188
186 191
186 193
187 190
187 192
188 191
189 190
190 197
191 196
192 195
192 197
193 194
193 196
194 199
194 201
195 198
195 200
196 199
197 198
198 205
199 204
200 203
200 205
201 202
201 204
202 207
202 209
203 206
203 208
204 207
205 206
