0 1
0 2
0 3
1 68
1 72
2 69
2 73
3 70
3 71
4 9
4 22
4 23
5 6
5 7
5 20
6 12
6 19
7 10
7 16
8 14
8 17
8 35
9 13
9 15
10 17
10 18
11 16
11 18
11 34
12 13
12 14
13 29
14 27
15 26
15 44
16 28
17 33
18 32
19 21
19 29
20 21
20 28
21 25
22 24
22 27
23 26
23 31
24 41
24 57
25 40
25 56
26 43
27 37
28 39
29 40
30 31
30 41
30 45
31 42
32 33
32 36
33 38
34 36
34 39
35 37
35 38
36 52
37 54
38 53
39 51
40 50
41 55
42 43
42 46
43 47
44 47
44 49
45 46
45 48
46 64
47 63
48 55
48 65
49 50
49 62
50 58
51 52
51 61
52 67
53 54
53 66
54 60
55 59
56 58
56 61
57 59
57 60
58 68
59 69
60 71
61 70
62 63
62 68
63 72
64 65
64 73
65 69
66 67
66 71
67 70
72 73
