0 1
0 2
0 3
1 69
1 73
2 68
2 70
3 71
3 72
4 38
4 42
4 57
5 6
5 38
5 41
6 7
6 39
7 10
7 34
8 15
8 17
8 40
9 18
9 19
9 40
10 11
10 42
11 12
11 13
12 35
12 37
13 34
13 36
14 15
14 27
14 29
15 18
16 18
16 20
16 28
17 27
17 39
19 20
19 45
20 21
21 22
21 23
22 26
22 45
23 25
23 48
24 46
24 47
24 59
25 26
25 46
26 47
27 33
28 32
28 44
29 30
29 31
30 33
30 36
31 32
31 37
32 35
33 34
35 43
36 37
38 56
39 50
40 50
41 53
41 58
42 54
43 44
43 55
44 49
45 51
46 52
47 51
48 49
48 52
49 65
50 62
51 64
52 63
53 56
53 67
54 55
54 60
55 65
56 61
57 60
57 61
58 62
58 66
59 63
59 64
60 69
61 68
62 71
63 73
64 72
65 69
66 67
66 70
67 68
70 71
72 73
