0 1
0 2
0 3
1 69
1 70
2 71
2 72
3 68
3 73
4 5
4 6
4 59
5 50
5 57
6 49
6 58
7 42
7 43
7 45
8 41
8 44
8 45
9 10
9 35
9 55
10 18
10 53
11 15
11 36
11 52
12 33
12 34
12 36
13 14
13 52
13 54
14 15
14 16
15 33
16 31
16 32
17 18
17 19
17 35
18 26
19 25
19 27
20 21
20 22
20 23
21 29
21 54
22 26
22 53
23 24
23 27
24 25
24 29
25 30
26 27
28 30
28 32
28 34
29 31
30 31
32 33
34 40
35 38
36 39
37 38
37 41
37 55
38 44
39 40
39 42
40 43
41 46
42 51
43 44
45 48
46 47
46 48
47 50
47 56
48 49
49 50
51 58
51 64
52 65
53 67
54 66
55 63
56 57
56 62
57 61
58 60
59 60
59 61
60 69
61 68
62 63
62 68
63 73
64 65
64 69
65 70
66 67
66 71
67 72
70 71
72 73
