0 1
0 2
0 3
1 62
1 67
2 63
2 66
3 64
3 65
4 10
4 11
4 18
5 6
5 9
5 11
6 8
6 10
7 8
7 9
7 14
8 15
9 13
10 16
11 12
12 20
12 38
13 17
13 24
14 17
14 19
15 16
15 19
16 21
17 23
18 20
18 22
19 35
20 36
21 25
21 35
22 27
22 37
23 26
23 30
24 26
24 32
25 27
25 31
26 33
27 34
28 31
28 34
28 47
29 32
29 33
29 46
30 44
30 55
31 43
32 41
33 44
34 45
35 43
36 37
36 42
37 45
38 40
38 42
39 40
39 41
39 54
40 53
41 51
42 52
43 48
44 49
45 50
46 49
46 51
47 48
47 50
48 61
49 56
50 59
51 57
52 53
52 59
53 58
54 57
54 58
55 56
55 60
56 64
57 65
58 66
59 63
60 61
60 67
61 62
62 63
64 67
65 66
