0 1
0 2
0 3
1 69
1 72
2 70
2 73
3 68
3 71
4 40
4 42
4 57
5 6
5 7
5 40
6 38
6 42
7 36
7 37
8 9
8 10
8 41
9 31
9 44
10 29
10 30
11 15
11 19
11 32
12 13
12 32
12 35
13 19
13 28
14 15
14 16
14 43
15 25
16 24
16 48
17 18
17 21
17 23
18 26
18 44
19 22
20 21
20 26
20 27
21 25
22 25
22 27
23 24
23 45
24 46
26 31
27 30
28 29
28 34
29 33
30 31
32 38
33 36
33 41
34 35
34 36
35 37
37 38
39 45
39 46
39 59
40 52
41 53
42 54
43 47
43 49
44 56
45 55
46 50
47 51
47 58
48 49
48 50
49 64
50 62
51 54
51 67
52 53
52 60
53 65
54 61
55 56
55 63
56 65
57 60
57 61
58 64
58 66
59 62
59 63
60 69
61 68
62 73
63 72
64 70
65 69
66 67
66 71
67 68
70 71
72 73
