0 1
0 2
0 3
1 56
1 57
2 3
2 59
3 58
4 5
4 6
4 15
5 6
5 10
6 9
7 9
7 11
7 16
8 10
8 12
8 17
9 16
10 17
11 14
11 19
12 13
12 18
13 14
13 18
14 19
15 20
15 21
16 25
17 24
18 23
19 22
20 21
20 27
21 26
22 33
22 59
23 32
23 58
24 29
24 35
25 28
25 34
26 31
26 36
27 30
27 37
28 31
28 34
29 30
29 35
30 37
31 36
32 43
32 58
33 42
33 59
34 39
35 38
36 41
37 40
38 43
38 47
39 42
39 46
40 45
40 49
41 44
41 48
42 46
43 47
44 45
44 48
45 49
46 51
47 50
48 52
49 53
50 53
50 55
51 52
51 54
52 54
53 55
54 57
55 56
56 57
