0 1
0 2
0 3
1 70
1 73
2 69
2 71
3 68
3 72
4 5
4 6
4 50
5 43
5 49
6 41
6 42
7 8
7 45
7 57
8 9
8 10
9 39
9 48
10 38
10 40
11 28
11 47
11 48
12 13
12 46
12 59
13 14
13 15
14 34
14 37
15 35
15 36
16 26
16 29
16 41
17 24
17 25
17 41
18 22
18 30
18 32
19 20
19 21
19 33
20 23
20 32
21 24
21 27
22 23
22 25
23 24
25 26
26 30
27 40
27 42
28 31
28 39
29 37
29 43
30 37
31 33
31 35
32 36
33 36
34 43
34 46
35 47
38 42
38 45
39 40
44 49
44 53
44 58
45 52
46 54
47 56
48 55
49 51
50 51
50 52
51 61
52 60
53 54
53 66
54 63
55 56
55 67
56 62
57 60
57 64
58 61
58 65
59 62
59 63
60 70
61 73
62 69
63 68
64 67
64 71
65 66
65 72
66 68
67 69
70 71
72 73
