0 1
0 2
0 3
1 68
1 72
2 69
2 71
3 70
3 73
4 5
4 15
4 23
5 6
5 16
6 7
6 8
7 14
7 22
8 12
8 13
9 15
9 18
9 33
10 11
10 12
10 21
11 13
11 19
12 22
13 18
14 16
14 17
15 29
16 32
17 31
17 34
18 25
19 20
19 25
20 21
20 26
21 24
22 24
23 27
23 28
24 37
25 36
26 37
26 57
27 29
27 38
28 30
28 44
29 35
30 38
30 45
31 32
31 42
32 43
33 35
33 36
34 39
34 40
35 54
36 53
37 55
38 50
39 41
39 52
40 42
40 48
41 51
41 56
42 46
43 44
43 46
44 47
45 47
45 49
46 61
47 63
48 52
48 61
49 50
49 64
50 65
51 55
51 67
52 60
53 54
53 58
54 66
55 59
56 60
56 62
57 58
57 59
58 71
59 70
60 72
61 68
62 67
62 73
63 64
63 68
64 69
65 66
65 69
66 71
67 70
72 73
