0 1
0 2
0 3
1 70
1 73
2 69
2 71
3 68
3 72
4 5
4 6
4 50
5 41
5 49
6 39
6 40
7 28
7 43
7 48
8 24
8 27
8 45
9 31
9 35
9 45
10 35
10 46
10 59
11 12
11 13
11 46
12 36
12 37
13 35
13 38
14 22
14 26
14 34
15 23
15 30
15 33
16 20
16 22
16 30
17 18
17 28
17 44
18 27
18 29
19 20
19 21
19 29
20 26
21 25
21 27
22 23
23 32
24 25
24 31
25 26
28 39
29 39
30 40
31 38
32 34
32 36
33 36
33 41
34 37
37 38
40 41
42 49
42 55
42 58
43 47
43 52
44 48
44 54
45 54
46 56
47 53
47 57
48 53
49 51
50 51
50 52
51 61
52 60
53 67
54 62
55 56
55 66
56 63
57 60
57 64
58 61
58 65
59 62
59 63
60 70
61 73
62 69
63 68
64 67
64 71
65 66
65 72
66 68
67 69
70 71
72 73
