0 1
0 2
0 3
1 68
1 72
2 69
2 70
3 71
3 73
4 5
4 6
4 54
5 47
5 53
6 46
6 52
7 8
7 9
7 41
8 34
8 40
9 33
9 39
10 12
10 36
10 48
11 48
11 53
11 61
12 24
12 49
13 14
13 21
13 49
14 22
14 50
15 20
15 51
15 60
16 17
16 18
16 51
17 19
17 50
18 20
18 23
19 22
19 23
20 28
21 24
21 26
22 26
23 27
24 25
25 29
25 36
26 31
27 28
27 32
28 30
29 34
29 38
30 33
30 37
31 32
31 34
32 33
35 45
35 52
35 59
36 44
37 39
37 45
38 40
38 44
39 43
40 42
41 42
41 43
42 47
43 46
44 47
45 46
48 58
49 58
50 57
51 57
52 56
53 55
54 55
54 56
55 65
56 62
57 63
58 64
59 62
59 66
60 63
60 67
61 64
61 65
62 68
63 71
64 73
65 72
66 67
66 69
67 70
68 69
70 71
72 73
