0 1
0 2
0 3
1 69
1 72
2 70
2 73
3 68
3 71
4 5
4 6
4 51
5 44
5 50
6 42
6 43
7 38
7 44
7 45
8 9
8 10
8 44
9 39
9 41
10 38
10 40
11 12
11 46
11 59
12 13
12 14
13 34
13 48
14 32
14 33
15 23
15 47
15 48
16 26
16 28
16 34
17 19
17 22
17 34
18 20
18 24
18 31
19 28
19 30
20 22
20 30
21 25
21 27
21 43
22 23
23 24
24 29
25 33
25 42
26 27
26 33
27 37
28 37
29 36
29 47
30 35
31 35
31 36
32 42
32 46
35 41
36 40
37 39
38 49
39 43
40 41
45 50
45 53
46 55
47 57
48 56
49 53
49 58
50 52
51 52
51 54
52 65
53 67
54 55
54 64
55 61
56 57
56 60
57 66
58 62
58 63
59 60
59 61
60 69
61 68
62 67
62 73
63 66
63 72
64 65
64 68
65 71
66 69
67 70
70 71
72 73
