0 1
0 2
0 3
1 66
1 67
2 65
2 67
3 64
3 66
4 5
4 6
4 7
5 9
5 10
6 8
6 11
7 8
7 9
8 15
9 14
10 12
10 14
11 13
11 15
12 17
12 19
13 16
13 18
14 17
15 16
16 23
17 22
18 21
18 23
19 20
19 22
20 25
20 27
21 24
21 26
22 25
23 24
24 31
25 30
26 29
26 31
27 28
27 30
28 33
28 35
29 32
29 34
30 33
31 32
32 39
33 38
34 37
34 39
35 36
35 38
36 41
36 43
37 40
37 42
38 41
39 40
40 47
41 46
42 45
42 47
43 44
43 46
44 49
44 51
45 48
45 50
46 49
47 48
48 55
49 54
50 53
50 55
51 52
51 54
52 57
52 59
53 56
53 58
54 57
55 56
56 63
57 62
58 61
58 63
59 60
59 62
60 65
60 67
61 64
61 66
62 65
63 64
