0 1
0 2
0 3
1 69
1 70
2 71
2 72
3 68
3 73
4 15
4 16
4 32
5 7
5 12
5 15
6 7
6 13
6 14
7 16
8 9
8 18
8 27
9 12
9 26
10 11
10 13
10 21
11 14
11 19
12 25
13 23
14 22
15 24
16 22
17 21
17 23
17 46
18 28
18 29
19 39
19 59
20 33
20 35
20 47
21 39
22 36
23 42
24 25
24 37
25 38
26 28
26 38
27 30
27 43
28 45
29 30
29 44
30 41
31 34
31 35
31 58
32 36
32 37
33 34
33 40
34 53
35 57
36 56
37 55
38 51
39 49
40 41
40 48
41 52
42 43
42 50
43 52
44 45
44 53
45 51
46 49
46 50
47 48
47 54
48 67
49 61
50 64
51 65
52 64
53 63
54 57
54 66
55 56
55 65
56 60
57 62
58 62
58 63
59 60
59 61
60 73
61 72
62 69
63 68
64 71
65 68
66 67
66 69
67 70
70 71
72 73
