0 1
0 2
0 3
1 69
1 70
2 71
2 72
3 68
3 73
4 5
4 28
4 34
5 6
5 7
6 25
6 26
7 24
7 27
8 12
8 15
8 16
9 18
9 31
9 32
10 13
10 14
10 18
11 12
11 17
11 29
12 30
13 31
13 42
14 16
14 30
15 17
15 20
16 21
17 19
18 22
19 25
19 33
20 21
20 25
21 26
22 23
22 27
23 24
23 32
24 28
26 27
28 38
29 33
29 36
30 36
31 40
32 39
33 35
34 35
34 37
35 49
36 44
37 38
37 43
38 45
39 40
39 50
40 46
41 43
41 45
41 57
42 44
42 46
43 53
44 51
45 56
46 52
47 50
47 55
47 58
48 49
48 54
48 59
49 51
50 52
51 63
52 62
53 54
53 60
54 67
55 56
55 66
56 61
57 60
57 61
58 62
58 65
59 63
59 64
60 68
61 69
62 71
63 72
64 67
64 73
65 66
65 70
66 69
67 68
70 71
72 73
