0 1
0 2
0 3
1 57
1 59
2 54
2 55
3 56
3 58
4 17
4 22
4 27
5 6
5 7
5 27
6 18
6 20
7 17
7 19
8 9
8 23
8 32
9 24
9 31
10 11
10 13
10 32
11 15
11 31
12 13
12 14
12 29
13 19
14 17
14 26
15 16
15 20
16 18
16 30
18 25
19 20
21 25
21 30
21 53
22 26
22 42
23 33
23 44
24 34
24 43
25 39
26 38
27 39
28 29
28 38
28 52
29 41
30 40
31 40
32 41
33 34
33 37
34 36
35 36
35 37
35 51
36 50
37 49
38 46
39 45
40 48
41 47
42 45
42 46
43 48
43 50
44 47
44 49
45 54
46 55
47 57
48 56
49 59
50 58
51 58
51 59
52 55
52 57
53 54
53 56
