0 1
0 2
0 3
1 69
1 71
2 70
2 73
3 68
3 72
4 5
4 51
4 59
5 6
5 7
6 47
6 50
7 48
7 49
8 9
8 10
8 42
9 37
9 39
10 36
10 38
11 12
11 41
11 54
12 13
12 14
13 27
13 30
14 28
14 29
15 20
15 21
15 25
16 17
16 19
16 55
17 18
17 20
18 23
18 25
19 34
19 56
20 34
21 24
21 33
22 26
22 32
22 33
23 27
23 55
24 26
24 29
25 29
26 28
27 57
28 35
30 53
30 54
31 37
31 40
31 56
32 35
32 38
33 39
34 37
35 36
36 41
38 39
40 46
40 52
41 45
42 43
42 44
43 46
43 50
44 45
44 49
45 48
46 47
47 58
48 51
49 50
51 67
52 58
52 61
53 57
53 65
54 66
55 60
56 61
57 60
58 64
59 62
59 63
60 69
61 68
62 64
62 72
63 67
63 73
64 68
65 66
65 69
66 71
67 70
70 71
72 73
