0 1
0 2
0 3
1 69
1 70
2 68
2 72
3 71
3 73
4 7
4 8
4 12
5 7
5 9
5 13
6 7
6 10
6 11
8 9
8 19
9 17
10 13
10 25
11 12
11 24
12 27
13 26
14 19
14 23
14 46
15 18
15 21
15 45
16 17
16 18
16 22
17 36
18 44
19 35
20 21
20 32
20 34
21 42
22 26
22 43
23 28
23 37
24 25
24 40
25 39
26 39
27 28
27 40
28 38
29 33
29 34
29 57
30 37
30 38
30 59
31 35
31 36
31 58
32 33
32 41
33 56
34 53
35 48
36 49
37 50
38 52
39 51
40 52
41 42
41 54
42 47
43 44
43 51
44 55
45 47
45 49
46 48
46 50
47 66
48 63
49 62
50 64
51 67
52 65
53 55
53 61
54 56
54 66
55 67
56 60
57 60
57 61
58 62
58 63
59 64
59 65
60 69
61 68
62 70
63 71
64 73
65 72
66 69
67 68
70 71
72 73
