0 1
0 2
0 3
1 62
1 66
2 63
2 64
3 65
3 67
4 5
4 6
4 48
5 41
5 47
6 39
6 40
7 43
7 47
7 55
8 37
8 41
8 44
9 10
9 11
9 44
10 38
10 46
11 36
11 37
12 13
12 14
12 46
13 34
13 38
14 35
14 45
15 19
15 40
15 42
16 24
16 33
16 40
17 18
17 42
17 53
18 19
18 20
19 33
20 31
20 32
21 22
21 36
21 39
22 23
22 24
23 27
23 30
24 29
25 26
25 45
25 54
26 28
26 35
27 28
27 34
28 31
29 30
29 32
30 31
32 33
34 35
36 38
37 39
41 43
42 50
43 52
44 52
45 51
46 51
47 49
48 49
48 50
49 59
50 56
51 57
52 58
53 56
53 60
54 57
54 61
55 58
55 59
56 62
57 65
58 67
59 66
60 61
60 63
61 64
62 63
64 65
66 67
