0 1
0 2
0 3
1 54
1 55
2 57
2 59
3 56
3 58
4 26
4 27
4 53
5 6
5 7
5 23
6 18
6 20
7 17
7 19
8 10
8 22
8 31
9 10
9 11
9 29
10 13
11 31
11 43
12 30
12 35
12 44
13 14
13 18
14 20
14 29
15 19
15 34
15 35
16 17
16 20
16 28
17 33
18 22
19 21
21 25
21 30
22 24
23 24
23 25
24 27
25 26
26 42
27 41
28 32
28 40
29 40
30 42
31 41
32 39
32 52
33 34
33 39
34 37
35 38
36 37
36 38
36 51
37 50
38 48
39 49
40 45
41 47
42 46
43 45
43 47
44 46
44 48
45 58
46 57
47 56
48 59
49 50
49 55
50 54
51 54
51 59
52 55
52 58
53 56
53 57
