0 1
0 2
0 3
1 164
1 165
2 163
2 165
3 162
3 164
4 5
4 7
4 8
5 6
5 9
6 7
6 11
7 10
8 10
8 12
9 11
9 13
10 17
11 16
12 15
12 17
13 14
13 16
14 19
14 21
15 18
15 20
16 19
17 18
18 25
19 24
20 23
20 25
21 22
21 24
22 27
22 29
23 26
23 28
24 27
25 26
26 33
27 32
28 31
28 33
29 30
29 32
30 35
30 37
31 34
31 36
32 35
33 34
34 41
35 40
36 39
36 41
37 38
37 40
38 43
38 45
39 42
39 44
40 43
41 42
42 49
43 48
44 47
44 49
45 46
45 48
46 51
46 53
47 50
47 52
48 51
49 50
50 57
51 56
52 55
52 57
53 54
53 56
54 59
54 61
55 58
55 60
56 59
57 58
58 65
59 64
60 63
60 65
61 62
61 64
62 67
62 69
63 66
63 68
64 67
65 66
66 73
67 72
68 71
68 73
69 70
69 72
70 75
70 77
71 74
71 76
72 75
73 74
74 81
75 80
76 79
76 81
77 78
77 80
78 83
78 85
79 82
79 84
80 83
81 82
82 89
83 88
84 87
84 89
85 86
85 88
86 91
86 93
87 90
87 92
88 91
89 90
90 97
91 96
92 95
92 97
93 94
93 96
94 99
94 101
95 98
95 100
96 99
97 98
98 105
99 104
100 103
100 105
101 102
101 104
102 107
102 109
103 106
103 108
104 107
105 106
106 113
107 112
108 111
108 113
109 110
109 112
110 115
110 117
111 114
111 116
112 115
113 114
114 121
115 120
116 119
116 121
117 118
117 120
118 123
118 125
119 122
119 124
120 123
121 122
122 129
123 128
124 127
124 129
125 126
125 128
126 131
126 133
127 130
127 132
128 131
129 130
130 137
131 136
132 135
132 137
133 134
133 136
134 139
134 141
135 138
135 140
136 139
137 138
138 145
139 144
140 143
140 145
141 142
141 144
142 147
142 149
143 146
143 148
144 147
145 146
146 153
147 152
148 151
148 153
149 150
149 152
150 155
150 157
151 154
151 156
152 155
153 154
154 161
155 160
156 159
156 161
157 158
157 160
158 163
158 165
159 162
159 164
160 163
161 162
