0 1
0 2
0 3
1 68
1 72
2 69
2 70
3 71
3 73
4 5
4 47
4 57
5 6
5 7
6 44
6 46
7 43
7 45
8 20
8 32
8 54
9 10
9 11
9 51
10 32
10 50
11 30
11 31
12 13
12 33
12 35
13 14
13 15
14 22
14 25
15 23
15 24
16 17
16 19
16 34
17 27
17 36
18 25
18 26
18 29
19 22
19 28
20 21
20 23
21 24
21 26
22 29
23 35
24 25
26 32
27 28
27 31
28 30
29 30
31 52
33 34
33 42
34 38
35 41
36 38
36 53
37 40
37 48
37 49
38 44
39 40
39 45
39 55
40 43
41 42
41 46
42 44
43 56
45 46
47 53
47 66
48 56
48 63
49 55
49 64
50 54
50 59
51 52
51 59
52 67
53 65
54 58
55 58
56 62
57 60
57 61
58 69
59 70
60 62
60 72
61 66
61 73
62 68
63 64
63 68
64 69
65 67
65 71
66 71
67 70
72 73
