0 1
0 2
0 3
1 68
1 73
2 71
2 72
3 69
3 70
4 22
4 23
4 41
5 16
5 17
5 18
6 8
6 10
6 18
7 15
7 24
7 25
8 27
8 28
9 10
9 11
9 27
10 16
11 14
11 15
12 13
12 15
12 26
13 14
13 17
14 16
17 21
18 20
19 25
19 42
19 43
20 21
20 23
21 22
22 34
23 32
24 26
24 31
25 33
26 30
27 36
28 38
28 39
29 35
29 37
29 40
30 34
30 47
31 33
31 47
32 37
32 46
33 45
34 44
35 39
35 53
36 38
36 55
37 54
38 57
39 56
40 50
40 52
41 44
41 46
42 45
42 49
43 48
43 51
44 58
45 62
46 59
47 58
48 49
48 67
49 66
50 53
50 65
51 55
51 63
52 54
52 64
53 61
54 59
55 60
56 57
56 61
57 60
58 72
59 71
60 70
61 69
62 66
62 73
63 67
63 70
64 65
64 71
65 69
66 68
67 68
72 73
