0 1
0 2
0 3
1 69
1 70
2 71
2 73
3 68
3 72
4 5
4 6
4 49
5 38
5 47
6 37
6 48
7 32
7 39
7 40
8 9
8 10
8 59
9 29
9 46
10 30
10 31
11 12
11 41
11 46
12 13
12 29
13 14
13 42
14 15
14 16
15 27
15 29
16 26
16 28
17 18
17 23
17 31
18 19
18 30
19 20
19 24
20 22
20 25
21 22
21 32
21 45
22 44
23 24
23 28
24 26
25 26
25 43
27 28
27 31
30 48
32 36
33 35
33 47
33 58
34 35
34 36
34 39
35 38
36 37
37 38
39 54
40 45
40 56
41 42
41 57
42 53
43 44
43 53
44 52
45 52
46 55
47 50
48 51
49 50
49 51
50 61
51 60
52 63
53 62
54 56
54 66
55 57
55 67
56 63
57 62
58 61
58 65
59 60
59 64
60 73
61 71
62 68
63 69
64 67
64 72
65 66
65 70
66 69
67 68
70 71
72 73
