0 1
0 2
0 3
1 69
1 72
2 68
2 70
3 71
3 73
4 38
4 42
4 57
5 6
5 7
5 38
6 37
6 42
7 35
7 36
8 9
8 10
8 43
9 24
9 26
10 23
10 25
11 19
11 20
11 29
12 13
12 20
12 45
13 14
13 46
14 21
14 47
15 46
15 47
15 59
16 17
16 28
16 33
17 18
17 27
18 31
18 34
19 25
19 30
20 26
21 24
21 48
22 23
22 27
22 31
23 30
24 44
25 26
27 40
28 32
28 40
29 39
29 45
30 39
31 37
32 35
32 41
33 34
33 35
34 36
36 37
38 56
39 50
40 50
41 53
41 58
42 54
43 44
43 55
44 49
45 52
46 52
47 51
48 49
48 51
49 65
50 62
51 64
52 63
53 56
53 67
54 55
54 60
55 65
56 61
57 60
57 61
58 62
58 66
59 63
59 64
60 69
61 68
62 71
63 73
64 72
65 69
66 67
66 70
67 68
70 71
72 73
