0 1
0 2
0 3
1 70
1 73
2 69
2 71
3 68
3 72
4 5
4 40
4 59
5 6
5 7
6 39
6 47
7 37
7 38
8 9
8 10
8 47
9 34
9 36
10 33
10 35
11 18
11 46
11 58
12 13
12 26
12 28
13 17
13 19
14 15
14 16
14 29
15 20
15 24
16 19
16 28
17 21
17 23
18 27
18 32
19 22
20 30
20 31
21 26
21 44
22 23
22 42
23 43
24 25
24 41
25 31
25 49
26 48
27 38
27 45
28 34
29 30
29 34
30 36
31 35
32 33
32 39
33 46
35 36
37 40
37 45
38 39
40 56
41 42
41 51
42 50
43 44
43 50
44 53
45 55
46 52
47 54
48 53
48 57
49 51
49 52
50 63
51 63
52 60
53 65
54 57
54 62
55 56
55 67
56 61
57 66
58 60
58 64
59 61
59 62
60 73
61 68
62 69
63 70
64 67
64 72
65 66
65 71
66 69
67 68
70 71
72 73
