0 1
0 2
0 3
1 70
1 73
2 69
2 71
3 68
3 72
4 5
4 6
4 50
5 43
5 49
6 41
6 42
7 8
7 45
7 57
8 9
8 10
9 40
9 48
10 38
10 39
11 25
11 47
11 48
12 13
12 46
12 59
13 14
13 15
14 35
14 37
15 34
15 36
16 17
16 26
16 41
17 18
17 19
18 23
18 24
19 22
19 39
20 21
20 24
20 28
21 23
21 29
22 24
22 27
23 26
25 33
25 40
26 31
27 28
27 32
28 30
29 30
29 31
30 37
31 36
32 33
32 37
33 35
34 43
34 46
35 47
36 42
38 41
38 45
39 40
42 43
44 49
44 53
44 58
45 52
46 54
47 56
48 55
49 51
50 51
50 52
51 61
52 60
53 54
53 66
54 63
55 56
55 67
56 62
57 60
57 64
58 61
58 65
59 62
59 63
60 70
61 73
62 69
63 68
64 67
64 71
65 66
65 72
66 68
67 69
70 71
72 73
