0 1
0 2
0 3
1 70
1 73
2 69
2 71
3 68
3 72
4 10
4 39
4 59
5 6
5 57
5 58
6 7
6 8
7 46
7 53
8 47
8 48
9 14
9 21
9 56
10 11
10 49
11 12
11 13
12 40
12 41
13 39
13 42
14 19
14 43
15 26
15 43
15 45
16 17
16 18
16 32
17 26
17 27
18 28
18 31
19 20
19 26
20 21
20 22
21 55
22 25
22 29
23 24
23 25
23 54
24 30
24 33
25 55
27 28
27 45
28 44
29 32
29 35
30 38
30 52
31 34
31 50
32 34
33 36
33 37
34 40
35 36
35 40
36 41
37 38
37 42
38 39
41 42
43 46
44 48
44 51
45 48
46 56
47 51
47 57
49 50
49 60
50 61
51 61
52 54
52 65
53 58
53 62
54 63
55 63
56 62
57 67
58 66
59 60
59 64
60 70
61 73
62 68
63 69
64 65
64 71
65 69
66 67
66 68
67 72
70 71
72 73
