0 1
0 2
0 3
1 68
1 70
2 71
2 73
3 69
3 72
4 5
4 6
4 47
5 34
5 46
6 33
6 45
7 8
7 28
7 35
8 9
8 10
9 27
9 44
10 26
10 43
11 36
11 42
11 59
12 15
12 19
12 23
13 16
13 18
13 23
14 15
14 20
14 21
15 16
16 17
17 21
17 38
18 22
18 38
19 20
19 37
20 40
21 39
22 25
22 44
23 25
24 26
24 36
24 41
25 27
26 42
27 28
28 32
29 31
29 46
29 58
30 31
30 32
30 35
31 34
32 33
33 34
35 52
36 57
37 45
37 51
38 50
39 40
39 50
40 51
41 43
41 54
42 55
43 53
44 56
45 49
46 48
47 48
47 49
48 61
49 64
50 67
51 64
52 53
52 60
53 65
54 57
54 65
55 56
55 62
56 66
57 63
58 60
58 61
59 62
59 63
60 70
61 71
62 69
63 68
64 73
65 68
66 67
66 69
67 72
70 71
72 73
