0 1
0 2
0 3
1 102
1 103
2 101
2 103
3 100
3 102
4 5
4 6
4 7
5 8
5 9
6 9
6 10
7 8
7 11
8 13
9 12
10 12
10 14
11 13
11 15
12 19
13 18
14 17
14 19
15 16
15 18
16 21
16 23
17 20
17 22
18 21
19 20
20 27
21 26
22 25
22 27
23 24
23 26
24 29
24 31
25 28
25 30
26 29
27 28
28 35
29 34
30 33
30 35
31 32
31 34
32 37
32 39
33 36
33 38
34 37
35 36
36 43
37 42
38 41
38 43
39 40
39 42
40 45
40 47
41 44
41 46
42 45
43 44
44 51
45 50
46 49
46 51
47 48
47 50
48 53
48 55
49 52
49 54
50 53
51 52
52 59
53 58
54 57
54 59
55 56
55 58
56 61
56 63
57 60
57 62
58 61
59 60
60 67
61 66
62 65
62 67
63 64
63 66
64 69
64 71
65 68
65 70
66 69
67 68
68 75
69 74
70 73
70 75
71 72
71 74
72 77
72 79
73 76
73 78
74 77
75 76
76 83
77 82
78 81
78 83
79 80
79 82
80 85
80 87
81 84
81 86
82 85
83 84
84 91
85 90
86 89
86 91
87 88
87 90
88 93
88 95
89 92
89 94
90 93
91 92
92 99
93 98
94 97
94 99
95 96
95 98
96 101
96 103
97 100
97 102
98 101
99 100
