0 1
0 2
0 3
1 69
1 71
2 70
2 73
3 68
3 72
4 5
4 38
4 58
5 6
5 7
6 35
6 45
7 33
7 34
8 9
8 10
8 47
9 32
9 44
10 31
10 39
11 12
11 13
11 44
12 30
12 32
13 29
13 42
14 15
14 30
14 31
15 16
15 17
16 28
16 34
17 27
17 29
18 19
18 20
18 34
19 26
19 28
20 25
20 33
21 22
21 26
21 27
22 23
22 24
23 25
23 41
24 42
24 43
25 26
27 28
29 30
31 32
33 38
35 37
35 46
36 40
36 52
36 59
37 40
37 54
38 53
39 45
39 49
40 51
41 43
41 55
42 57
43 56
44 50
45 48
46 48
46 51
47 49
47 50
48 65
49 65
50 64
51 61
52 54
52 67
53 55
53 60
54 62
55 63
56 57
56 63
57 64
58 60
58 62
59 61
59 66
60 69
61 73
62 68
63 69
64 71
65 70
66 67
66 72
67 68
70 71
72 73
