0 1
0 2
0 3
1 69
1 72
2 68
2 70
3 71
3 73
4 38
4 42
4 57
5 6
5 38
5 41
6 7
6 8
7 34
7 37
8 35
8 36
9 10
9 30
9 41
10 11
10 25
11 12
11 26
12 13
12 30
13 14
13 27
14 16
14 28
15 18
15 28
15 44
16 17
16 18
17 21
17 32
18 20
19 21
19 22
19 31
20 21
20 23
22 23
22 45
23 44
24 45
24 46
24 59
25 40
25 58
26 27
26 40
27 39
28 39
29 33
29 34
29 48
30 35
31 32
31 36
32 35
33 36
33 46
34 47
37 42
37 43
38 56
39 50
40 50
41 53
42 54
43 47
43 55
44 52
45 52
46 51
47 49
48 49
48 51
49 65
50 62
51 64
52 63
53 56
53 67
54 55
54 60
55 65
56 61
57 60
57 61
58 62
58 66
59 63
59 64
60 69
61 68
62 71
63 73
64 72
65 69
66 67
66 70
67 68
70 71
72 73
