0 1
0 2
0 3
1 68
1 72
2 69
2 73
3 70
3 71
4 5
4 35
4 45
5 6
5 36
6 7
6 8
7 35
7 57
8 33
8 34
9 38
9 39
9 56
10 25
10 42
10 44
11 12
11 37
11 39
12 13
12 38
13 14
13 15
14 30
14 43
15 29
15 37
16 17
16 40
16 43
17 18
17 19
18 26
18 28
19 25
19 27
20 21
20 23
20 24
21 31
21 41
22 23
22 26
22 41
23 28
24 27
24 32
25 30
26 40
27 28
29 30
29 42
31 32
31 34
32 33
33 44
34 36
35 49
36 46
37 52
38 55
39 51
40 47
41 47
42 54
43 50
44 53
45 46
45 48
46 63
47 64
48 49
48 62
49 58
50 55
50 65
51 52
51 61
52 67
53 54
53 60
54 66
55 59
56 59
56 61
57 58
57 60
58 68
59 69
60 71
61 70
62 63
62 68
63 72
64 65
64 73
65 69
66 67
66 71
67 70
72 73
