0 1
0 2
0 3
1 70
1 73
2 69
2 71
3 68
3 72
4 39
4 40
4 59
5 6
5 9
5 21
6 7
6 42
7 8
7 43
8 9
8 10
9 19
10 17
10 18
11 12
11 23
11 44
12 25
12 45
13 14
13 15
13 24
14 19
14 26
15 16
15 18
16 17
16 46
17 43
18 19
20 21
20 27
20 42
21 31
22 23
22 28
22 47
23 29
24 25
24 30
25 29
26 30
26 32
27 33
27 48
28 34
28 49
29 34
30 36
31 32
31 33
32 35
33 38
34 37
35 36
35 38
36 37
37 40
38 39
39 57
40 56
41 48
41 54
41 58
42 52
43 50
44 47
44 51
45 46
45 51
46 50
47 53
48 52
49 53
49 55
50 63
51 63
52 60
53 65
54 57
54 66
55 56
55 67
56 62
57 61
58 60
58 64
59 61
59 62
60 73
61 68
62 69
63 70
64 66
64 72
65 67
65 71
66 68
67 69
70 71
72 73
