0 1
0 2
0 3
1 63
1 64
2 65
2 67
3 62
3 66
4 12
4 13
4 20
5 10
5 19
5 22
6 11
6 15
6 16
7 11
7 17
7 18
8 9
8 19
8 35
9 20
9 34
10 11
10 14
12 18
12 33
13 21
13 32
14 15
14 23
15 28
16 17
16 29
17 30
18 31
19 27
20 24
21 24
21 25
22 23
22 26
23 44
24 38
25 41
25 52
26 27
26 43
27 37
28 29
28 45
29 39
30 31
30 39
31 40
32 33
32 41
33 40
34 36
34 38
35 36
35 37
36 51
37 48
38 50
39 47
40 49
41 49
42 45
42 46
42 53
43 44
43 48
44 46
45 47
46 61
47 54
48 60
49 55
50 51
50 58
51 59
52 55
52 57
53 54
53 56
54 67
55 65
56 61
56 66
57 58
57 64
58 63
59 60
59 63
60 62
61 62
64 65
66 67
