0 1
0 2
0 3
1 68
1 70
2 71
2 73
3 69
3 72
4 5
4 6
4 26
5 25
5 39
6 22
6 23
7 8
7 22
7 33
8 34
8 37
9 19
9 23
9 24
10 11
10 12
10 23
11 19
11 21
12 18
12 20
13 14
13 16
13 35
14 20
14 38
15 16
15 19
15 36
16 21
17 18
17 22
17 37
18 38
20 21
24 27
24 41
25 28
25 40
26 27
26 28
27 30
28 29
29 30
29 32
30 31
31 41
31 43
32 40
32 43
33 39
33 46
34 46
34 57
35 36
35 48
36 44
37 47
38 47
39 45
40 45
41 50
42 44
42 48
42 58
43 52
44 54
45 51
46 51
47 56
48 55
49 50
49 53
49 59
50 52
51 61
52 60
53 54
53 67
54 62
55 56
55 63
56 66
57 61
57 65
58 62
58 63
59 60
59 64
60 73
61 71
62 69
63 68
64 67
64 72
65 66
65 70
66 68
67 69
70 71
72 73
