0 1
0 2
0 3
1 69
1 70
2 71
2 73
3 68
3 72
4 6
4 9
4 13
5 6
5 12
5 14
6 10
7 16
7 17
7 19
8 9
8 21
8 31
9 27
10 11
10 22
11 12
11 24
12 25
13 14
13 29
14 28
15 21
15 22
15 47
16 24
16 30
17 20
17 26
18 20
18 23
18 46
19 37
19 59
20 37
21 44
22 38
23 33
23 36
24 38
25 28
25 45
26 30
26 43
27 29
27 35
28 39
29 39
30 42
31 35
31 41
32 34
32 36
32 58
33 34
33 40
34 54
35 55
36 50
37 48
38 49
39 52
40 43
40 57
41 44
41 56
42 45
42 53
43 53
44 51
45 52
46 48
46 50
47 49
47 51
48 60
49 61
50 62
51 65
52 66
53 64
54 57
54 63
55 56
55 67
56 65
57 64
58 62
58 63
59 60
59 61
60 71
61 70
62 73
63 72
64 68
65 69
66 67
66 68
67 69
70 71
72 73
