0 1
0 2
0 3
1 70
1 73
2 69
2 71
3 68
3 72
4 10
4 52
4 59
5 6
5 57
5 58
6 7
6 8
7 46
7 53
8 47
8 48
9 17
9 20
9 56
10 23
10 49
11 30
11 49
11 51
12 13
12 41
12 43
13 14
13 44
14 15
14 16
15 37
15 38
16 36
16 39
17 18
17 42
18 19
18 28
19 20
19 21
20 55
21 26
21 27
22 27
22 29
22 31
23 24
23 30
24 25
24 29
25 26
25 54
26 55
27 28
28 33
29 34
30 32
31 33
31 35
32 37
32 40
33 39
34 35
34 37
35 38
36 42
36 44
38 39
40 41
40 51
41 50
42 46
43 45
43 48
44 48
45 47
45 50
46 56
47 57
49 60
50 61
51 61
52 54
52 65
53 58
53 62
54 63
55 63
56 62
57 67
58 66
59 60
59 64
60 70
61 73
62 68
63 69
64 65
64 71
65 69
66 67
66 68
67 72
70 71
72 73
