0 1
0 2
0 3
1 68
1 70
2 69
2 73
3 71
3 72
4 5
4 6
4 54
5 47
5 53
6 46
6 52
7 8
7 9
7 43
8 40
8 42
9 38
9 39
10 14
10 37
10 53
11 18
11 19
11 40
12 20
12 39
12 41
13 21
13 27
13 39
14 15
14 41
15 16
15 35
16 17
16 36
17 20
17 29
18 22
18 27
19 23
19 28
20 21
21 22
22 23
23 24
24 25
24 26
25 28
25 33
26 29
26 32
27 38
28 30
29 31
30 50
30 59
31 36
31 51
32 33
32 51
33 50
34 48
34 60
34 61
35 37
35 49
36 49
37 48
38 40
41 45
42 44
42 52
43 44
43 45
44 46
45 47
46 47
48 58
49 58
50 57
51 57
52 56
53 55
54 55
54 56
55 65
56 62
57 63
58 64
59 62
59 63
60 65
60 66
61 64
61 67
62 68
63 69
64 73
65 70
66 67
66 71
67 72
68 69
70 71
72 73
