0 1
0 2
0 3
1 68
1 72
2 69
2 73
3 70
3 71
4 5
4 55
4 61
5 6
5 7
6 51
6 54
7 52
7 53
8 25
8 36
8 49
9 21
9 46
9 49
10 11
10 12
10 56
11 44
11 59
12 42
12 43
13 14
13 15
13 59
14 41
14 44
15 39
15 40
16 17
16 18
16 43
17 38
17 47
18 41
18 42
19 20
19 21
19 38
20 37
20 40
21 36
22 23
22 24
22 37
23 33
23 35
24 32
24 34
25 29
25 48
26 27
26 57
26 58
27 30
27 31
28 31
28 33
28 58
29 30
29 32
30 34
31 35
32 36
33 39
34 35
37 39
38 46
40 41
42 44
43 45
45 47
45 51
46 54
47 54
48 50
48 53
49 53
50 52
50 57
51 60
52 55
55 65
56 60
56 63
57 66
58 67
59 63
60 62
61 62
61 64
62 69
63 73
64 65
64 68
65 72
66 67
66 71
67 70
68 69
70 73
71 72
