0 1
0 2
0 3
1 70
1 72
2 68
2 71
3 69
3 73
4 5
4 53
4 59
5 6
5 7
6 49
6 50
7 51
7 52
8 9
8 10
8 58
9 42
9 48
10 41
10 54
11 12
11 13
11 42
12 40
12 57
13 39
13 56
14 15
14 16
14 43
15 31
15 35
16 30
16 44
17 18
17 22
17 35
18 28
18 34
19 20
19 21
19 33
20 29
20 47
21 28
21 32
22 23
22 31
23 24
23 25
24 27
24 30
25 26
25 46
26 29
26 45
27 44
27 46
28 29
30 31
32 34
32 37
33 37
33 57
34 36
35 36
36 40
37 40
38 39
38 54
38 55
39 41
41 42
43 48
43 50
44 50
45 47
45 52
46 52
47 51
48 49
49 58
51 53
53 66
54 63
55 56
55 64
56 67
57 65
58 62
59 60
59 61
60 62
60 72
61 66
61 73
62 70
63 64
63 71
64 68
65 67
65 69
66 69
67 68
70 71
72 73
