0 1
0 2
0 3
1 68
1 72
2 69
2 73
3 70
3 71
4 5
4 6
4 18
5 15
5 17
6 14
6 16
7 11
7 13
7 17
8 9
8 26
8 27
9 10
9 30
10 11
10 12
11 31
12 13
12 27
13 15
14 15
14 28
16 20
16 29
17 19
18 19
18 20
19 22
20 21
21 22
21 24
22 25
23 24
23 25
23 34
24 39
25 36
26 41
26 51
27 38
28 29
28 38
29 37
30 31
30 35
31 36
32 37
32 39
32 52
33 35
33 40
33 50
34 48
34 61
35 49
36 49
37 45
38 46
39 48
40 41
40 47
41 44
42 44
42 47
42 59
43 45
43 46
43 60
44 55
45 56
46 58
47 57
48 54
49 53
50 53
50 57
51 55
51 58
52 54
52 56
53 62
54 63
55 64
56 67
57 66
58 65
59 64
59 66
60 65
60 67
61 62
61 63
62 69
63 68
64 70
65 71
66 73
67 72
68 69
70 73
71 72
