0 1
0 2
0 3
1 70
1 75
2 72
2 73
3 71
3 74
4 5
4 6
4 59
5 47
5 58
6 46
6 48
7 18
7 41
7 69
8 9
8 53
8 68
9 10
9 50
10 11
10 12
11 53
11 54
12 44
12 45
13 36
13 42
13 43
14 20
14 21
14 43
15 39
15 40
15 55
16 37
16 40
16 51
17 18
17 19
17 42
18 57
19 35
19 36
20 34
20 36
21 32
21 33
22 24
22 26
22 38
23 25
23 29
23 38
24 28
24 56
25 26
25 30
26 27
27 28
27 31
28 34
29 32
29 37
30 31
30 32
31 33
33 34
35 56
35 57
37 52
38 52
39 47
39 49
40 46
41 45
41 54
42 45
43 44
44 48
46 47
48 50
49 58
49 62
50 61
51 55
51 63
52 63
53 64
54 65
55 62
56 67
57 66
58 60
59 60
59 61
60 75
61 70
62 75
63 74
64 65
64 73
65 72
66 67
66 71
67 74
68 70
68 73
69 71
69 72
