0 1
0 2
0 3
1 69
1 72
2 70
2 73
3 68
3 71
4 5
4 6
4 51
5 44
5 50
6 42
6 43
7 18
7 39
7 44
8 23
8 24
8 43
9 19
9 29
9 43
10 11
10 12
10 45
11 41
11 49
12 39
12 40
13 14
13 46
13 59
14 15
14 16
15 35
15 38
16 36
16 37
17 25
17 47
17 48
18 19
18 20
19 42
20 29
20 30
21 22
21 30
21 40
22 25
22 28
23 28
23 29
24 26
24 32
25 31
26 27
26 28
27 33
27 34
30 39
31 33
31 35
32 34
32 36
33 38
34 37
35 48
36 46
37 38
40 41
41 47
42 44
45 50
45 53
46 55
47 57
48 56
49 53
49 58
50 52
51 52
51 54
52 65
53 67
54 55
54 64
55 61
56 57
56 60
57 66
58 62
58 63
59 60
59 61
60 69
61 68
62 67
62 73
63 66
63 72
64 65
64 68
65 71
66 69
67 70
70 71
72 73
