0 1
0 2
0 3
1 69
1 70
2 71
2 72
3 68
3 73
4 10
4 32
4 38
5 38
5 43
5 44
6 7
6 8
6 36
7 29
7 34
8 28
8 35
9 11
9 19
9 32
10 11
10 58
11 12
12 13
12 14
13 20
13 21
14 19
14 22
15 18
15 20
15 24
16 17
16 19
16 23
17 22
17 25
18 21
18 25
20 31
21 22
23 27
23 35
24 26
24 30
25 27
26 29
26 33
27 28
28 29
30 31
30 41
31 42
32 43
33 34
33 41
34 39
35 40
36 39
36 40
37 44
37 46
37 51
38 46
39 50
40 49
41 45
42 45
42 59
43 48
44 47
45 57
46 55
47 48
47 53
48 52
49 50
49 52
50 54
51 53
51 56
52 61
53 67
54 57
54 61
55 56
55 66
56 65
57 60
58 62
58 63
59 60
59 64
60 73
61 68
62 66
62 70
63 64
63 71
64 72
65 67
65 69
66 69
67 68
70 71
72 73
