0 1
0 2
0 3
1 69
1 70
2 71
2 72
3 68
3 73
4 5
4 6
4 51
5 41
5 50
6 42
6 49
7 8
7 36
7 43
8 19
8 47
9 10
9 50
9 58
10 11
10 12
11 34
11 48
12 33
12 35
13 29
13 46
13 48
14 30
14 45
14 46
15 16
15 17
15 45
16 32
16 44
17 30
17 31
18 19
18 25
18 36
19 23
20 21
20 22
20 26
21 23
21 25
22 27
22 28
23 27
24 26
24 28
24 35
25 33
26 33
27 32
28 31
29 30
29 34
31 32
34 35
36 40
37 39
37 49
37 59
38 39
38 40
38 43
39 42
40 41
41 42
43 54
44 47
44 55
45 55
46 57
47 54
48 56
49 52
50 53
51 52
51 53
52 61
53 60
54 67
55 64
56 57
56 66
57 65
58 60
58 63
59 61
59 62
60 71
61 72
62 67
62 73
63 66
63 70
64 65
64 68
65 69
66 69
67 68
70 71
72 73
