0 1
0 2
0 3
1 69
1 70
2 71
2 72
3 68
3 73
4 43
4 44
4 59
5 6
5 46
5 50
6 10
6 40
7 26
7 27
7 40
8 13
8 22
8 39
9 21
9 36
9 37
10 27
10 35
11 14
11 15
11 35
12 30
12 32
12 38
13 31
13 38
14 29
14 34
15 27
15 28
16 17
16 25
16 32
17 18
17 19
18 22
18 31
19 23
19 24
20 21
20 24
20 33
21 23
22 23
24 34
25 29
25 30
26 28
26 30
28 29
31 32
33 36
33 47
34 47
35 46
36 48
37 45
37 49
38 42
39 42
39 45
40 41
41 43
41 50
42 44
43 57
44 55
45 55
46 54
47 54
48 49
48 53
49 52
50 56
51 52
51 53
51 58
52 67
53 66
54 65
55 61
56 57
56 64
57 60
58 62
58 63
59 60
59 61
60 69
61 68
62 67
62 73
63 66
63 72
64 65
64 69
65 70
66 71
67 68
70 71
72 73
