0 1
0 2
0 3
1 69
1 70
2 71
2 73
3 68
3 72
4 5
4 6
4 49
5 34
5 47
6 35
6 46
7 8
7 9
7 37
8 27
8 44
9 28
9 29
10 11
10 38
10 44
11 12
11 27
12 13
12 14
13 38
13 43
14 25
14 26
15 19
15 20
15 26
16 21
16 24
16 26
17 18
17 29
17 48
18 30
18 40
19 25
19 41
20 21
20 42
21 22
22 23
22 31
23 24
23 30
24 28
25 43
27 28
29 39
30 33
31 32
31 33
32 35
32 45
33 34
34 35
36 40
36 47
36 59
37 39
37 58
38 57
39 53
40 55
41 42
41 52
42 51
43 52
44 56
45 46
45 51
46 50
47 54
48 53
48 55
49 50
49 54
50 63
51 63
52 67
53 60
54 62
55 61
56 57
56 66
57 65
58 60
58 64
59 61
59 62
60 71
61 73
62 72
63 68
64 66
64 70
65 67
65 69
66 69
67 68
70 71
72 73
