0 1
0 2
0 3
1 60
1 61
2 59
2 61
3 58
3 60
4 5
4 7
4 8
5 6
5 9
6 7
6 11
7 10
8 10
8 12
9 11
9 13
10 17
11 16
12 15
12 17
13 14
13 16
14 19
14 21
15 18
15 20
16 19
17 18
18 25
19 24
20 23
20 25
21 22
21 24
22 27
22 29
23 26
23 28
24 27
25 26
26 33
27 32
28 31
28 33
29 30
29 32
30 35
30 37
31 34
31 36
32 35
33 34
34 41
35 40
36 39
36 41
37 38
37 40
38 43
38 45
39 42
39 44
40 43
41 42
42 49
43 48
44 47
44 49
45 46
45 48
46 51
46 53
47 50
47 52
48 51
49 50
50 57
51 56
52 55
52 57
53 54
53 56
54 59
54 61
55 58
55 60
56 59
57 58
