0 1
0 2
0 3
1 240
1 241
2 242
2 245
3 243
3 244
4 5
4 6
4 188
5 166
5 187
6 164
6 165
7 90
7 166
7 173
8 91
8 165
8 166
9 15
9 36
9 179
10 65
10 70
10 185
11 70
11 87
11 177
12 71
12 176
12 177
13 14
13 15
13 178
14 161
14 163
15 160
16 17
16 162
16 163
17 18
17 19
18 157
18 161
19 158
19 159
20 21
20 160
20 161
21 22
21 157
22 23
22 24
23 154
23 156
24 153
24 155
25 26
25 27
25 152
26 144
26 146
27 143
27 145
28 29
28 30
28 142
29 135
29 137
30 134
30 136
31 32
31 33
31 133
32 128
32 132
33 127
33 131
34 48
34 139
34 141
35 40
35 149
35 151
36 37
36 149
37 38
37 180
38 39
38 40
39 116
39 175
40 115
41 42
41 174
41 175
42 43
42 44
43 114
43 116
44 112
44 113
45 46
45 115
45 116
46 47
46 48
47 111
47 114
48 110
49 50
49 112
49 114
50 54
50 107
51 62
51 67
51 113
52 113
52 170
52 174
53 54
53 55
53 109
54 105
55 104
55 106
56 93
56 108
56 129
57 93
57 138
57 140
58 59
58 60
58 138
59 96
59 99
60 97
60 98
61 79
61 92
61 148
62 78
62 100
63 159
63 162
63 182
64 65
64 159
64 181
65 79
66 67
66 170
66 173
67 90
68 76
68 84
68 91
69 78
69 90
69 91
70 92
71 72
71 73
72 88
72 89
73 86
73 87
74 94
74 101
74 102
75 76
75 85
75 101
76 77
77 78
77 103
79 158
80 83
80 164
80 171
81 83
81 84
81 165
82 89
82 172
82 176
83 89
84 88
85 86
85 88
86 94
87 95
92 99
93 98
94 97
95 97
95 99
96 148
96 150
98 102
100 105
100 112
101 106
102 104
103 105
103 106
104 108
107 111
107 118
108 117
109 117
109 118
110 119
110 130
111 119
115 139
117 122
118 123
119 124
120 122
120 129
120 131
121 125
121 130
121 132
122 126
123 124
123 126
124 125
125 128
126 127
127 128
129 137
130 136
131 135
132 134
133 134
133 135
136 141
137 140
138 146
139 145
140 144
141 143
142 143
142 144
145 151
146 150
147 156
147 157
147 158
148 156
149 155
150 154
151 153
152 153
152 154
155 160
162 169
163 168
164 186
167 168
167 169
167 206
168 202
169 189
170 199
171 172
171 201
172 200
173 193
174 197
175 198
176 196
177 195
178 192
178 202
179 192
179 194
180 194
180 198
181 190
181 191
182 189
182 190
183 197
183 199
183 229
184 196
184 200
184 228
185 191
185 195
186 201
186 204
187 193
187 203
188 203
188 204
189 216
190 210
191 215
192 214
193 221
194 213
195 217
196 217
197 218
198 218
199 221
200 220
201 220
202 219
203 212
204 211
205 206
205 219
205 230
206 216
207 211
207 212
207 239
208 210
208 215
208 238
209 213
209 214
209 237
210 222
211 227
212 226
213 225
214 223
215 224
216 222
217 224
218 225
219 223
220 227
221 226
222 231
223 232
224 233
225 234
226 236
227 235
228 233
228 235
229 234
229 236
230 231
230 232
231 241
232 240
233 244
234 245
235 243
236 242
237 240
237 245
238 241
238 244
239 242
239 243
