0 1
0 2
0 3
1 70
1 73
2 69
2 71
3 68
3 72
4 9
4 52
4 59
5 6
5 7
5 58
6 46
6 48
7 45
7 47
8 31
8 36
8 56
9 26
9 49
10 11
10 49
10 50
11 12
11 26
12 29
12 35
13 25
13 34
13 57
14 24
14 28
14 34
15 16
15 17
15 36
16 30
16 39
17 31
17 32
18 19
18 37
18 39
19 20
19 30
20 21
20 22
21 26
21 27
22 28
22 29
23 27
23 32
23 55
24 29
24 33
25 28
25 38
27 54
30 32
31 55
33 35
33 51
34 51
35 50
36 42
37 38
37 44
38 40
39 43
40 46
40 57
41 42
41 45
41 56
42 47
43 44
43 48
44 46
45 53
47 48
49 60
50 61
51 61
52 54
52 65
53 58
53 62
54 63
55 63
56 62
57 67
58 66
59 60
59 64
60 70
61 73
62 68
63 69
64 65
64 71
65 69
66 67
66 68
67 72
70 71
72 73
