0 1
0 2
0 3
1 69
1 70
2 71
2 73
3 68
3 72
4 11
4 12
4 32
5 9
5 10
5 12
6 7
6 9
6 18
7 10
7 19
8 16
8 17
8 20
9 22
10 24
11 21
11 31
12 25
13 21
13 22
13 47
14 23
14 26
14 46
15 20
15 27
15 45
16 23
16 29
17 19
17 28
18 37
18 59
19 38
20 38
21 40
22 37
23 42
24 25
24 41
25 35
26 27
26 34
27 36
28 29
28 44
29 43
30 34
30 36
30 58
31 33
31 39
32 33
32 35
33 56
34 50
35 55
36 53
37 49
38 48
39 40
39 57
40 51
41 44
41 55
42 43
42 52
43 54
44 54
45 48
45 53
46 50
46 52
47 49
47 51
48 60
49 61
50 63
51 64
52 65
53 62
54 65
55 66
56 57
56 67
57 64
58 62
58 63
59 60
59 61
60 71
61 70
62 73
63 72
64 69
65 68
66 67
66 68
67 69
70 71
72 73
