0 1
0 2
0 3
1 68
1 72
2 69
2 70
3 71
3 73
4 5
4 6
4 54
5 47
5 53
6 46
6 52
7 8
7 9
7 41
8 34
8 39
9 33
9 40
10 11
10 12
10 21
11 18
11 22
12 17
12 19
13 15
13 16
13 26
14 24
14 28
14 29
15 19
15 30
16 18
16 25
17 30
17 35
18 19
20 21
20 36
20 50
21 51
22 25
22 51
23 50
23 59
23 60
24 48
24 61
25 49
26 27
26 49
27 28
27 48
28 32
29 31
29 37
30 32
31 34
31 38
32 33
33 34
35 40
35 45
36 45
36 52
37 44
37 53
38 39
38 44
39 42
40 43
41 42
41 43
42 47
43 46
44 47
45 46
48 58
49 58
50 57
51 57
52 56
53 55
54 55
54 56
55 65
56 62
57 63
58 64
59 62
59 66
60 63
60 67
61 64
61 65
62 68
63 71
64 73
65 72
66 67
66 69
67 70
68 69
70 71
72 73
