0 1
0 2
0 3
1 68
1 73
2 69
2 70
3 71
3 72
4 5
4 6
4 45
5 36
5 44
6 34
6 35
7 12
7 15
7 36
8 14
8 16
8 35
9 17
9 35
9 38
10 11
10 37
10 39
11 12
11 13
12 33
13 31
13 32
14 15
14 34
15 27
16 17
16 27
17 18
18 19
18 20
19 26
19 30
20 25
20 38
21 39
21 41
21 55
22 23
22 26
22 28
23 42
23 43
24 40
24 42
24 54
25 26
25 43
27 33
28 30
28 31
29 31
29 40
29 41
30 32
32 33
34 36
37 44
37 48
38 47
39 49
40 51
41 50
42 53
43 52
44 46
45 46
45 47
46 61
47 60
48 49
48 61
49 56
50 51
50 57
51 59
52 53
52 60
53 58
54 58
54 59
55 56
55 57
56 64
57 65
58 67
59 66
60 63
61 62
62 63
62 68
63 73
64 65
64 69
65 70
66 67
66 71
67 72
68 69
70 71
72 73
