0 1
0 2
0 3
1 69
1 70
2 71
2 72
3 68
3 73
4 5
4 29
4 37
5 6
5 7
6 28
6 36
7 26
7 27
8 9
8 10
8 28
9 25
9 31
10 23
10 24
11 16
11 17
11 25
12 18
12 19
12 24
13 30
13 34
13 48
14 17
14 22
14 35
15 21
15 34
15 35
16 19
16 22
17 21
18 20
18 22
19 23
20 26
20 33
21 30
23 25
24 26
27 33
27 49
28 32
29 36
29 42
30 39
31 32
31 39
32 38
33 47
34 45
35 44
36 38
37 40
37 41
38 54
39 50
40 42
40 55
41 43
41 53
42 54
43 55
43 58
44 45
44 56
45 51
46 47
46 57
46 59
47 52
48 50
48 51
49 52
49 53
50 62
51 63
52 61
53 60
54 62
55 66
56 57
56 63
57 67
58 60
58 65
59 61
59 64
60 71
61 72
62 69
63 68
64 67
64 73
65 66
65 70
66 69
67 68
70 71
72 73
