0 1
0 2
0 3
1 69
1 72
2 68
2 73
3 70
3 71
4 9
4 10
4 28
5 8
5 10
5 14
6 9
6 12
6 13
7 13
7 14
7 27
8 11
8 24
9 26
10 25
11 15
11 20
12 16
12 21
13 19
14 20
15 18
15 22
16 17
16 19
17 34
17 48
18 35
18 49
19 30
20 33
21 26
21 34
22 23
22 36
23 37
23 39
24 25
24 38
25 32
26 31
27 30
27 33
28 31
28 32
29 43
29 58
29 59
30 47
31 42
32 40
33 46
34 42
35 36
35 43
36 41
37 38
37 44
38 40
39 41
39 45
40 53
41 56
42 52
43 51
44 45
44 53
45 57
46 47
46 50
47 55
48 52
48 54
49 50
49 51
50 63
51 60
52 66
53 62
54 55
54 67
55 63
56 57
56 61
57 62
58 60
58 65
59 61
59 64
60 73
61 72
62 69
63 68
64 65
64 71
65 70
66 67
66 69
67 68
70 73
71 72
