0 1
0 2
0 3
1 69
1 70
2 71
2 73
3 68
3 72
4 5
4 51
4 59
5 6
5 7
6 47
6 48
7 49
7 50
8 31
8 55
8 58
9 12
9 30
9 54
10 28
10 29
10 54
11 15
11 18
11 57
12 13
12 57
13 14
13 15
14 27
14 30
15 26
16 17
16 29
16 36
17 28
17 37
18 19
18 56
19 20
19 21
20 22
20 35
21 32
21 33
22 25
22 34
23 24
23 25
23 38
24 27
24 39
25 26
26 27
28 30
29 53
31 32
31 44
32 45
33 35
33 46
34 38
34 42
35 42
36 41
36 52
37 39
37 41
38 40
39 40
40 50
41 50
42 49
43 44
43 47
43 58
44 48
45 46
45 48
46 49
47 51
51 66
52 53
52 67
53 61
54 61
55 56
55 65
56 60
57 60
58 64
59 62
59 63
60 69
61 68
62 67
62 72
63 66
63 73
64 65
64 70
65 69
66 71
67 68
70 71
72 73
