0 1
0 2
0 3
1 64
1 69
2 65
2 67
3 66
3 68
4 5
4 19
4 20
5 6
5 7
6 12
6 18
7 13
7 14
8 9
8 15
8 18
9 10
9 12
10 11
10 17
11 13
11 16
12 13
14 16
14 24
15 17
15 21
16 22
17 22
18 23
19 27
19 29
20 23
20 28
21 40
21 63
22 41
23 40
24 25
24 41
25 35
25 42
26 27
26 36
26 43
27 38
28 30
28 34
29 30
29 37
30 39
31 34
31 39
31 53
32 35
32 36
32 52
33 37
33 38
33 62
34 47
35 51
36 50
37 46
38 44
39 46
40 47
41 45
42 45
42 49
43 44
43 48
44 61
45 60
46 57
47 55
48 50
48 58
49 51
49 59
50 56
51 54
52 54
52 56
53 55
53 57
54 69
55 65
56 68
57 67
58 61
58 68
59 60
59 69
60 64
61 66
62 66
62 67
63 64
63 65
