0 1
0 2
0 3
1 158
1 159
2 157
2 159
3 156
3 158
4 5
4 6
4 7
5 8
5 9
6 9
6 10
7 8
7 11
8 13
9 12
10 12
10 14
11 13
11 15
12 19
13 18
14 17
14 19
15 16
15 18
16 21
16 23
17 20
17 22
18 21
19 20
20 27
21 26
22 25
22 27
23 24
23 26
24 29
24 31
25 28
25 30
26 29
27 28
28 35
29 34
30 33
30 35
31 32
31 34
32 37
32 39
33 36
33 38
34 37
35 36
36 43
37 42
38 41
38 43
39 40
39 42
40 45
40 47
41 44
41 46
42 45
43 44
44 51
45 50
46 49
46 51
47 48
47 50
48 53
48 55
49 52
49 54
50 53
51 52
52 59
53 58
54 57
54 59
55 56
55 58
56 61
56 63
57 60
57 62
58 61
59 60
60 67
61 66
62 65
62 67
63 64
63 66
64 69
64 71
65 68
65 70
66 69
67 68
68 75
69 74
70 73
70 75
71 72
71 74
72 77
72 79
73 76
73 78
74 77
75 76
76 83
77 82
78 81
78 83
79 80
79 82
80 85
80 87
81 84
81 86
82 85
83 84
84 91
85 90
86 89
86 91
87 88
87 90
88 93
88 95
89 92
89 94
90 93
91 92
92 99
93 98
94 97
94 99
95 96
95 98
96 101
96 103
97 100
97 102
98 101
99 100
100 107
101 106
102 105
102 107
103 104
103 106
104 109
104 111
105 108
105 110
106 109
107 108
108 115
109 114
110 113
110 115
111 112
111 114
112 117
112 119
113 116
113 118
114 117
115 116
116 123
117 122
118 121
118 123
119 120
119 122
120 125
120 127
121 124
121 126
122 125
123 124
124 131
125 130
126 129
126 131
127 128
127 130
128 133
128 135
129 132
129 134
130 133
131 132
132 139
133 138
134 137
134 139
135 136
135 138
136 141
136 143
137 140
137 142
138 141
139 140
140 147
141 146
142 145
142 147
143 144
143 146
144 149
144 151
145 148
145 150
146 149
147 148
148 155
149 154
150 153
150 155
151 152
151 154
152 157
152 159
153 156
153 158
154 157
155 156
