0 1
0 2
0 3
1 70
1 73
2 69
2 71
3 68
3 72
4 9
4 52
4 59
5 6
5 7
5 58
6 46
6 48
7 45
7 47
8 29
8 36
8 56
9 24
9 49
10 11
10 49
10 50
11 12
11 24
12 23
12 35
13 21
13 27
13 34
14 20
14 34
14 57
15 16
15 17
15 36
16 30
16 31
17 29
17 32
18 25
18 28
18 54
19 23
19 24
19 28
20 21
20 39
21 22
22 37
22 38
23 26
25 32
25 55
26 30
26 33
27 30
27 38
28 31
29 55
31 32
33 35
33 51
34 51
35 50
36 42
37 39
37 44
38 43
39 40
40 46
40 57
41 42
41 45
41 56
42 47
43 44
43 48
44 46
45 53
47 48
49 60
50 61
51 61
52 54
52 65
53 58
53 62
54 63
55 63
56 62
57 67
58 66
59 60
59 64
60 70
61 73
62 68
63 69
64 65
64 71
65 69
66 67
66 68
67 72
70 71
72 73
