0 1
0 2
0 3
1 72
1 76
2 73
2 75
3 74
3 77
4 5
4 6
4 53
5 38
5 51
6 37
6 52
7 39
7 45
7 71
8 42
8 52
8 63
9 10
9 44
9 62
10 32
10 40
11 12
11 13
11 45
12 32
12 44
13 30
13 31
14 16
14 22
14 33
15 21
15 33
15 42
16 17
16 34
17 18
17 28
18 22
18 26
19 27
19 28
19 29
20 23
20 29
20 40
21 22
21 43
23 24
23 25
24 41
24 48
25 27
25 49
26 27
26 46
28 30
29 31
30 39
31 32
33 36
34 35
34 36
35 38
35 50
36 37
37 38
39 56
40 59
41 47
41 59
42 61
43 46
43 61
44 60
45 60
46 57
47 58
47 70
48 49
48 58
49 57
50 51
50 56
51 54
52 55
53 54
53 55
54 68
55 65
56 68
57 69
58 69
59 64
60 67
61 66
62 64
62 67
63 65
63 66
64 75
65 77
66 76
67 73
68 74
69 72
70 72
70 75
71 73
71 74
76 77
