0 1
0 2
0 3
1 69
1 72
2 70
2 73
3 68
3 71
4 5
4 6
4 51
5 42
5 50
6 40
6 41
7 8
7 14
7 50
8 23
8 42
9 11
9 27
9 41
10 22
10 28
10 41
11 24
11 43
12 25
12 43
12 46
13 18
13 20
13 36
14 15
14 33
15 23
15 31
16 17
16 18
16 34
17 31
17 33
18 37
19 20
19 21
19 31
20 30
21 28
21 29
22 23
22 40
24 25
24 26
25 30
26 27
26 29
27 28
29 30
32 34
32 37
32 44
33 45
34 45
35 36
35 39
35 47
36 46
37 48
38 47
38 49
38 58
39 48
39 49
40 42
43 53
44 54
44 59
45 54
46 55
47 55
48 57
49 56
50 52
51 52
51 53
52 65
53 64
54 67
55 61
56 57
56 60
57 66
58 60
58 61
59 62
59 63
60 69
61 68
62 67
62 73
63 66
63 72
64 65
64 68
65 71
66 69
67 70
70 71
72 73
