0 1
0 2
0 3
1 68
1 71
2 69
2 73
3 70
3 72
4 5
4 55
4 61
5 6
5 7
6 52
6 54
7 51
7 53
8 9
8 10
8 60
9 39
9 59
10 38
10 44
11 15
11 57
11 58
12 18
12 37
12 57
13 14
13 40
13 58
14 15
14 16
15 37
16 35
16 36
17 26
17 28
17 34
18 27
18 34
19 21
19 22
19 41
20 29
20 41
20 44
21 42
21 45
22 23
22 29
23 25
23 32
24 26
24 30
24 32
25 26
25 33
27 28
27 31
28 30
29 38
30 39
31 39
31 56
32 38
33 35
33 43
34 36
35 40
36 37
40 47
41 48
42 43
42 50
43 47
44 46
45 48
45 49
46 51
46 60
47 52
48 53
49 50
49 54
50 52
51 55
53 54
55 67
56 59
56 63
57 63
58 66
59 62
60 62
61 64
61 65
62 71
63 68
64 67
64 72
65 66
65 73
66 69
67 70
68 69
70 71
72 73
