0 1
0 2
0 3
1 65
1 69
2 64
2 68
3 66
3 67
4 5
4 6
4 41
5 7
5 30
6 8
6 29
7 9
7 19
8 10
8 20
9 10
9 11
10 12
11 16
11 17
12 15
12 18
13 18
13 24
13 43
14 17
14 23
14 42
15 16
15 24
16 23
17 22
18 21
19 22
19 28
20 21
20 27
21 34
22 33
23 39
24 40
25 28
25 33
25 53
26 27
26 34
26 52
27 32
28 31
29 32
29 38
30 31
30 37
31 51
32 50
33 49
34 48
35 37
35 51
35 62
36 38
36 50
36 63
37 47
38 46
39 40
39 45
40 44
41 46
41 47
42 45
42 49
43 44
43 48
44 59
45 58
46 61
47 60
48 57
49 56
50 55
51 54
52 55
52 57
53 54
53 56
54 65
55 64
56 69
57 68
58 59
58 69
59 68
60 61
60 67
61 66
62 65
62 67
63 64
63 66
