0 1
0 2
0 3
1 68
1 73
2 69
2 72
3 70
3 71
4 5
4 6
4 53
5 44
5 52
6 42
6 43
7 33
7 44
7 45
8 11
8 27
8 43
9 28
9 29
9 43
10 30
10 40
10 46
11 15
11 46
12 13
12 14
12 41
13 32
13 40
14 31
14 39
15 16
15 30
16 27
16 34
17 18
17 19
17 29
18 26
18 28
19 24
19 25
20 21
20 23
20 36
21 26
21 35
22 23
22 24
22 37
23 25
24 33
25 26
27 28
29 42
30 32
31 32
31 38
33 50
34 35
34 49
35 51
36 37
36 51
37 50
38 49
38 60
39 47
39 61
40 48
41 47
41 48
42 44
45 52
45 56
46 55
47 59
48 58
49 57
50 56
51 57
52 54
53 54
53 55
54 65
55 64
56 65
57 63
58 59
58 64
59 62
60 63
60 67
61 62
61 66
62 72
63 73
64 69
65 68
66 67
66 71
67 70
68 69
70 73
71 72
