0 1
0 2
0 3
1 69
1 73
2 68
2 70
3 71
3 72
4 38
4 42
4 57
5 6
5 7
5 38
6 37
6 40
7 36
7 42
8 15
8 18
8 37
9 10
9 16
9 37
10 29
10 39
11 19
11 21
11 39
12 13
12 14
12 43
13 35
13 36
14 33
14 34
15 30
15 36
16 17
16 18
17 29
17 32
18 28
19 29
19 31
20 21
20 22
20 31
21 47
22 26
22 27
23 24
23 26
23 46
24 27
24 45
25 45
25 46
25 59
26 47
27 48
28 30
28 32
30 35
31 33
32 34
33 44
34 35
38 56
39 50
40 41
40 50
41 53
41 58
42 54
43 44
43 55
44 49
45 52
46 51
47 51
48 49
48 52
49 65
50 62
51 64
52 63
53 56
53 67
54 55
54 60
55 65
56 61
57 60
57 61
58 62
58 66
59 63
59 64
60 69
61 68
62 71
63 73
64 72
65 69
66 67
66 70
67 68
70 71
72 73
