0 1
0 2
0 3
1 68
1 73
2 69
2 70
3 71
3 72
4 5
4 10
4 11
5 14
5 18
6 7
6 15
6 19
7 8
7 16
8 9
8 11
9 17
9 45
10 12
10 13
11 22
12 14
12 30
13 15
13 31
14 28
15 29
16 17
16 23
17 25
18 21
18 22
19 23
19 27
20 21
20 26
20 46
21 44
22 43
23 42
24 25
24 35
24 47
25 38
26 32
26 37
27 29
27 41
28 32
28 39
29 40
30 31
30 39
31 40
32 36
33 35
33 38
33 59
34 36
34 37
34 58
35 55
36 53
37 51
38 57
39 53
40 52
41 42
41 52
42 56
43 44
43 50
44 49
45 48
45 50
46 49
46 51
47 48
47 54
48 67
49 64
50 64
51 63
52 65
53 62
54 55
54 66
55 60
56 57
56 65
57 61
58 62
58 63
59 60
59 61
60 69
61 68
62 73
63 72
64 71
65 68
66 67
66 69
67 70
70 71
72 73
