0 1
0 2
0 3
1 68
1 72
2 69
2 73
3 70
3 71
4 17
4 19
4 32
5 10
5 14
5 18
6 8
6 15
6 20
7 9
7 10
7 19
8 9
8 16
9 18
10 17
11 13
11 14
11 22
12 15
12 25
12 44
13 27
13 30
14 21
15 23
16 24
16 45
17 21
18 22
19 23
20 24
20 25
21 39
22 41
23 40
24 43
25 42
26 28
26 33
26 34
27 28
27 38
28 35
29 34
29 36
29 57
30 35
30 41
31 37
31 40
31 56
32 37
32 39
33 36
33 38
34 49
35 49
36 53
37 55
38 52
39 54
40 51
41 47
42 43
42 48
43 46
44 48
44 50
45 46
45 47
46 64
47 65
48 63
49 58
50 51
50 62
51 59
52 53
52 66
53 60
54 55
54 67
55 61
56 59
56 61
57 58
57 60
58 69
59 68
60 71
61 70
62 63
62 68
63 72
64 65
64 73
65 69
66 67
66 71
67 70
72 73
