0 1
0 2
0 3
1 96
1 97
2 95
2 97
3 94
3 96
4 5
4 7
4 8
5 6
5 9
6 7
6 13
7 12
8 10
8 12
9 11
9 13
10 15
10 17
11 14
11 16
12 15
13 14
14 21
15 20
16 19
16 21
17 18
17 20
18 23
18 25
19 22
19 24
20 23
21 22
22 29
23 28
24 27
24 29
25 26
25 28
26 31
26 33
27 30
27 32
28 31
29 30
30 37
31 36
32 35
32 37
33 34
33 36
34 39
34 41
35 38
35 40
36 39
37 38
38 45
39 44
40 43
40 45
41 42
41 44
42 47
42 49
43 46
43 48
44 47
45 46
46 53
47 52
48 51
48 53
49 50
49 52
50 55
50 57
51 54
51 56
52 55
53 54
54 61
55 60
56 59
56 61
57 58
57 60
58 63
58 65
59 62
59 64
60 63
61 62
62 69
63 68
64 67
64 69
65 66
65 68
66 71
66 73
67 70
67 72
68 71
69 70
70 77
71 76
72 75
72 77
73 74
73 76
74 79
74 81
75 78
75 80
76 79
77 78
78 85
79 84
80 83
80 85
81 82
81 84
82 87
82 89
83 86
83 88
84 87
85 86
86 93
87 92
88 91
88 93
89 90
89 92
90 95
90 97
91 94
91 96
92 95
93 94
