0 1
0 2
0 3
1 68
1 69
2 70
2 71
3 72
3 73
4 6
4 7
4 33
5 8
5 9
5 25
6 22
6 31
7 21
7 26
8 20
8 24
9 11
9 21
10 11
10 12
10 22
11 20
12 18
12 19
13 15
13 17
13 19
14 16
14 19
14 28
15 18
15 24
16 17
16 30
17 29
18 20
21 22
23 26
23 42
23 43
24 36
25 36
25 41
26 37
27 29
27 30
27 39
28 31
28 35
29 38
30 35
31 34
32 38
32 39
32 40
33 34
33 37
34 45
35 45
36 53
37 44
38 54
39 55
40 51
40 52
41 49
41 50
42 44
42 46
43 47
43 48
44 58
45 56
46 47
46 59
47 60
48 49
48 61
49 62
50 53
50 63
51 54
51 67
52 55
52 66
53 64
54 65
55 57
56 57
56 68
57 73
58 59
58 68
59 69
60 61
60 69
61 70
62 63
62 70
63 71
64 65
64 71
65 72
66 67
66 73
67 72
