0 1
0 2
0 3
1 54
1 55
2 57
2 59
3 56
3 58
4 7
4 12
4 13
5 7
5 11
5 14
6 7
6 10
6 15
8 12
8 14
8 24
9 13
9 15
9 25
10 11
10 23
11 22
12 17
13 16
14 18
15 19
16 17
16 29
17 28
18 27
18 31
19 26
19 30
20 25
20 29
20 45
21 24
21 28
21 44
22 27
22 37
23 26
23 36
24 31
25 30
26 34
27 35
28 42
29 43
30 41
31 40
32 34
32 41
32 52
33 35
33 40
33 53
34 39
35 38
36 37
36 39
37 38
38 51
39 50
40 49
41 48
42 43
42 47
43 46
44 47
44 49
45 46
45 48
46 59
47 58
48 57
49 56
50 51
50 55
51 54
52 55
52 57
53 54
53 56
58 59
