0 1
0 2
0 3
1 70
1 72
2 69
2 71
3 68
3 73
4 10
4 11
4 29
5 7
5 10
5 12
6 8
6 16
6 17
7 8
7 14
8 9
9 13
9 15
10 25
11 12
11 18
12 19
13 16
13 24
14 15
14 22
15 21
16 23
17 19
17 20
18 30
18 41
19 36
20 23
20 37
21 24
21 35
22 26
22 35
23 34
24 34
25 27
25 31
26 27
26 33
27 32
28 32
28 33
28 51
29 30
29 31
30 49
31 47
32 47
33 46
34 45
35 46
36 39
36 42
37 38
37 45
38 39
38 44
39 43
40 43
40 44
40 58
41 42
41 48
42 56
43 56
44 57
45 57
46 55
47 53
48 49
48 54
49 52
50 52
50 54
50 59
51 53
51 55
52 64
53 65
54 67
55 66
56 61
57 60
58 60
58 61
59 62
59 63
60 69
61 68
62 64
62 72
63 67
63 73
64 70
65 66
65 71
66 69
67 68
70 71
72 73
