0 1
0 2
0 3
1 69
1 72
2 70
2 73
3 68
3 71
4 40
4 42
4 57
5 6
5 40
5 41
6 7
6 42
7 8
7 9
8 38
8 41
9 36
9 37
10 11
10 12
10 43
11 32
11 48
12 30
12 31
13 14
13 15
13 29
14 22
14 28
15 21
15 25
16 22
16 26
16 27
17 18
17 21
17 26
18 19
18 45
19 20
19 46
20 23
20 24
21 22
23 25
23 35
24 34
24 44
25 33
26 32
27 28
27 31
28 30
29 30
29 33
31 32
33 36
34 35
34 37
35 36
37 38
38 44
39 45
39 46
39 59
40 52
41 53
42 54
43 47
43 49
44 56
45 50
46 55
47 51
47 58
48 49
48 50
49 64
50 62
51 54
51 67
52 53
52 60
53 65
54 61
55 56
55 63
56 65
57 60
57 61
58 64
58 66
59 62
59 63
60 69
61 68
62 73
63 72
64 70
65 69
66 67
66 71
67 68
70 71
72 73
