0 1
0 2
0 3
1 120
1 123
2 121
2 122
3 118
3 119
4 5
4 6
4 83
5 6
5 66
6 65
7 8
7 9
7 44
8 9
8 39
9 38
10 12
10 14
10 67
11 13
11 15
11 68
12 14
12 72
13 15
13 71
14 19
15 18
16 19
16 20
16 41
17 18
17 21
17 40
18 21
19 20
20 25
21 24
22 25
22 26
22 79
23 24
23 27
23 80
24 27
25 26
26 29
27 28
28 31
28 33
29 30
29 32
30 31
30 32
31 33
32 37
33 36
34 37
34 38
34 42
35 36
35 39
35 43
36 39
37 38
40 43
40 46
41 42
41 45
42 45
43 46
44 47
44 48
45 50
46 49
47 48
47 52
48 51
49 52
49 54
50 51
50 53
51 53
52 54
53 56
54 55
55 58
55 60
56 57
56 59
57 58
57 59
58 60
59 63
60 64
61 64
61 66
61 82
62 63
62 65
62 81
63 65
64 66
67 76
67 89
68 75
68 88
69 76
69 81
69 85
70 75
70 82
70 84
71 78
71 91
72 77
72 90
73 78
73 80
73 87
74 77
74 79
74 86
75 88
76 89
77 90
78 91
79 86
80 87
81 85
82 84
83 92
83 93
84 95
85 94
86 102
87 103
88 101
89 100
90 99
91 98
92 93
92 97
93 96
94 96
94 117
95 97
95 116
96 117
97 116
98 109
98 115
99 108
99 114
100 107
100 113
101 106
101 112
102 104
102 111
103 105
103 110
104 105
104 111
105 110
106 109
106 112
107 108
107 113
108 114
109 115
110 121
111 120
112 119
113 118
114 123
115 122
116 119
117 118
120 123
121 122
