0 1
0 2
0 3
1 69
1 71
2 70
2 73
3 68
3 72
4 5
4 51
4 59
5 6
5 7
6 47
6 50
7 48
7 49
8 18
8 34
8 57
9 10
9 11
9 53
10 33
10 56
11 31
11 32
12 13
12 14
12 56
13 30
13 55
14 29
14 33
15 16
15 17
15 30
16 28
16 40
17 26
17 27
18 28
18 54
19 20
19 26
19 37
20 21
20 27
21 22
21 23
22 25
22 31
23 24
23 37
24 25
24 39
25 32
26 40
27 29
28 36
29 30
31 33
32 38
34 36
34 44
35 46
35 52
35 53
36 42
37 41
38 39
38 45
39 41
40 42
41 50
42 49
43 44
43 48
43 57
44 49
45 46
45 50
46 47
47 58
48 51
51 67
52 58
52 66
53 65
54 55
54 61
55 60
56 60
57 61
58 64
59 62
59 63
60 69
61 71
62 64
62 72
63 67
63 73
64 68
65 66
65 69
66 68
67 70
70 71
72 73
