0 1
0 2
0 3
1 70
1 72
2 73
2 74
3 71
3 75
4 5
4 6
4 61
5 54
5 60
6 53
6 59
7 19
7 55
7 56
8 20
8 33
8 55
9 10
9 11
9 56
10 41
10 58
11 39
11 40
12 13
12 42
12 43
13 14
13 36
14 15
14 37
15 16
15 57
16 35
16 38
17 35
17 57
17 58
18 19
18 36
18 43
19 20
20 21
21 22
21 23
22 32
22 46
23 33
23 34
24 25
24 44
24 46
25 31
25 32
26 27
26 45
26 68
27 28
27 29
28 30
28 33
29 31
29 44
30 31
30 34
32 34
35 41
36 39
37 38
37 39
38 40
40 41
42 47
42 69
43 50
44 48
45 48
45 59
46 49
47 51
47 60
48 52
49 50
49 52
50 51
51 54
52 53
53 54
55 64
56 65
57 67
58 66
59 63
60 62
61 62
61 63
62 72
63 70
64 65
64 73
65 74
66 67
66 75
67 71
68 70
68 73
69 71
69 72
74 75
