0 1
0 2
0 3
1 68
1 72
2 69
2 71
3 70
3 73
4 5
4 15
4 21
5 6
5 19
6 7
6 8
7 10
7 12
8 11
8 18
9 15
9 16
9 33
10 17
10 18
11 16
11 20
12 14
12 19
13 24
13 44
13 45
14 17
14 25
15 30
16 31
17 23
18 27
19 26
20 27
20 28
21 26
21 29
22 23
22 24
22 25
23 36
24 40
25 41
26 43
27 37
28 31
28 42
29 30
29 39
30 34
31 35
32 36
32 37
32 57
33 34
33 35
34 47
35 49
36 54
37 55
38 42
38 52
38 56
39 43
39 47
40 41
40 48
41 46
42 49
43 46
44 48
44 50
45 51
45 53
46 61
47 61
48 63
49 60
50 51
50 64
51 65
52 55
52 67
53 54
53 66
54 58
55 59
56 60
56 62
57 58
57 59
58 71
59 70
60 72
61 68
62 67
62 73
63 64
63 68
64 69
65 66
65 69
66 71
67 70
72 73
