0 1
0 2
0 3
1 234
1 235
2 233
2 235
3 232
3 234
4 5
4 6
4 7
5 9
5 10
6 8
6 11
7 8
7 9
8 15
9 14
10 12
10 14
11 13
11 15
12 17
12 19
13 16
13 18
14 17
15 16
16 23
17 22
18 21
18 23
19 20
19 22
20 25
20 27
21 24
21 26
22 25
23 24
24 31
25 30
26 29
26 31
27 28
27 30
28 33
28 35
29 32
29 34
30 33
31 32
32 39
33 38
34 37
34 39
35 36
35 38
36 41
36 43
37 40
37 42
38 41
39 40
40 47
41 46
42 45
42 47
43 44
43 46
44 49
44 51
45 48
45 50
46 49
47 48
48 55
49 54
50 53
50 55
51 52
51 54
52 57
52 59
53 56
53 58
54 57
55 56
56 63
57 62
58 61
58 63
59 60
59 62
60 65
60 67
61 64
61 66
62 65
63 64
64 71
65 70
66 69
66 71
67 68
67 70
68 73
68 75
69 72
69 74
70 73
71 72
72 79
73 78
74 77
74 79
75 76
75 78
76 81
76 83
77 80
77 82
78 81
79 80
80 87
81 86
82 85
82 87
83 84
83 86
84 89
84 91
85 88
85 90
86 89
87 88
88 95
89 94
90 93
90 95
91 92
91 94
92 97
92 99
93 96
93 98
94 97
95 96
96 103
97 102
98 101
98 103
99 100
99 102
100 105
100 107
101 104
101 106
102 105
103 104
104 111
105 110
106 109
106 111
107 108
107 110
108 113
108 115
109 112
109 114
110 113
111 112
112 119
113 118
114 117
114 119
115 116
115 118
116 121
116 123
117 120
117 122
118 121
119 120
120 127
121 126
122 125
122 127
123 124
123 126
124 129
124 131
125 128
125 130
126 129
127 128
128 135
129 134
130 133
130 135
131 132
131 134
132 137
132 139
133 136
133 138
134 137
135 136
136 143
137 142
138 141
138 143
139 140
139 142
140 145
140 147
141 144
141 146
142 145
143 144
144 151
145 150
146 149
146 151
147 148
147 150
148 153
148 155
149 152
149 154
150 153
151 152
152 159
153 158
154 157
154 159
155 156
155 158
156 161
156 163
157 160
157 162
158 161
159 160
160 167
161 166
162 165
162 167
163 164
163 166
164 169
164 171
165 168
165 170
166 169
167 168
168 175
169 174
170 173
170 175
171 172
171 174
172 177
172 179
173 176
173 178
174 177
175 176
176 183
177 182
178 181
178 183
179 180
179 182
180 185
180 187
181 184
181 186
182 185
183 184
184 191
185 190
186 189
186 191
187 188
187 190
188 193
188 195
189 192
189 194
190 193
191 192
192 199
193 198
194 197
194 199
195 196
195 198
196 201
196 203
197 200
197 202
198 201
199 200
200 207
201 206
202 205
202 207
203 204
203 206
204 209
204 211
205 208
205 210
206 209
207 208
208 215
209 214
210 213
210 215
211 212
211 214
212 217
212 219
213 216
213 218
214 217
215 216
216 223
217 222
218 221
218 223
219 220
219 222
220 225
220 227
221 224
221 226
222 225
223 224
224 231
225 230
226 229
226 231
227 228
227 230
228 233
228 235
229 232
229 234
230 233
231 232
