0 1
0 2
0 3
1 63
1 66
2 64
2 67
3 62
3 65
4 5
4 6
4 31
5 16
5 29
6 17
6 18
7 8
7 9
7 30
8 14
8 20
9 13
9 27
10 11
10 17
10 26
11 24
11 25
12 14
12 16
12 23
13 14
13 18
15 24
15 26
15 42
16 18
17 22
19 28
19 32
19 52
20 23
20 33
21 29
21 38
21 43
22 28
22 35
23 39
24 40
25 27
25 41
26 36
27 37
28 36
29 34
30 33
30 37
31 34
31 35
32 48
32 53
33 49
34 47
35 48
36 44
37 46
38 39
38 51
39 49
40 41
40 45
41 46
42 44
42 45
43 47
43 50
44 55
45 57
46 57
47 61
48 60
49 56
50 51
50 59
51 56
52 54
52 55
53 54
53 58
54 65
55 62
56 63
57 62
58 60
58 64
59 61
59 63
60 67
61 66
64 65
66 67
