0 1
0 2
0 3
1 70
1 72
2 69
2 71
3 68
3 73
4 7
4 9
4 16
5 12
5 16
5 30
6 9
6 11
6 13
7 12
7 13
8 9
8 10
8 15
10 11
10 17
11 18
12 21
13 25
14 15
14 19
14 22
15 28
16 27
17 23
17 26
18 23
18 25
19 24
19 26
20 22
20 24
20 39
21 31
21 41
22 34
23 38
24 36
25 35
26 37
27 28
27 33
28 32
29 32
29 34
29 51
30 31
30 33
31 49
32 47
33 47
34 43
35 38
35 42
36 37
36 46
37 45
38 44
39 43
39 46
40 44
40 45
40 58
41 42
41 48
42 56
43 55
44 56
45 57
46 57
47 53
48 49
48 54
49 52
50 52
50 54
50 59
51 53
51 55
52 64
53 65
54 67
55 66
56 61
57 60
58 60
58 61
59 62
59 63
60 69
61 68
62 64
62 72
63 67
63 73
64 70
65 66
65 71
66 69
67 68
70 71
72 73
