0 1
0 2
0 3
1 69
1 70
2 71
2 73
3 68
3 72
4 42
4 43
4 58
5 6
5 40
5 44
6 7
6 8
7 38
7 48
8 37
8 47
9 10
9 45
9 46
10 11
10 33
11 12
11 31
12 13
12 23
13 27
13 32
14 17
14 41
14 42
15 16
15 30
15 41
16 17
16 18
17 29
18 27
18 28
19 20
19 24
19 43
20 21
20 45
21 22
21 23
22 24
22 26
23 25
24 29
25 26
25 27
26 28
28 29
30 35
30 48
31 32
31 36
32 35
33 34
33 36
34 37
34 46
35 38
36 38
37 49
39 40
39 51
39 59
40 57
41 55
42 56
43 50
44 47
44 51
45 50
46 53
47 52
48 54
49 52
49 53
50 60
51 66
52 67
53 65
54 57
54 63
55 56
55 63
56 62
57 61
58 60
58 62
59 61
59 64
60 69
61 72
62 68
63 68
64 66
64 73
65 67
65 69
66 71
67 70
70 71
72 73
