0 1
0 2
0 3
1 68
1 73
2 69
2 72
3 70
3 71
4 6
4 41
4 42
5 7
5 10
5 42
6 7
6 40
7 8
8 9
8 39
9 10
9 11
10 28
11 26
11 27
12 13
12 23
12 30
13 14
13 34
14 15
14 24
15 18
15 25
16 17
16 25
16 35
17 18
17 36
18 19
19 20
19 37
20 21
20 38
21 22
21 34
22 32
22 33
23 24
23 27
24 26
25 26
27 28
28 30
29 40
29 41
29 53
30 52
31 32
31 46
31 61
32 47
33 38
33 46
34 47
35 39
35 49
36 37
36 49
37 48
38 48
39 45
40 44
41 51
42 50
43 44
43 45
43 60
44 55
45 59
46 58
47 54
48 58
49 59
50 51
50 57
51 56
52 54
52 57
53 55
53 56
54 67
55 64
56 65
57 65
58 62
59 63
60 63
60 64
61 62
61 66
62 70
63 71
64 72
65 69
66 67
66 73
67 68
68 69
70 73
71 72
