0 1
0 2
0 3
1 70
1 73
2 69
2 71
3 68
3 72
4 6
4 7
4 20
5 6
5 9
5 15
6 13
7 9
7 14
8 12
8 16
8 21
9 26
10 11
10 16
10 26
11 12
11 28
12 27
13 17
13 25
14 24
14 45
15 17
15 23
16 23
17 22
18 27
18 28
18 46
19 22
19 30
19 44
20 24
20 25
21 38
21 59
22 39
23 39
24 43
25 42
26 35
27 38
28 36
29 30
29 33
29 37
30 41
31 34
31 37
31 58
32 35
32 36
32 57
33 34
33 40
34 54
35 50
36 49
37 53
38 48
39 47
40 41
40 55
41 51
42 43
42 56
43 52
44 47
44 51
45 50
45 52
46 48
46 49
47 60
48 61
49 62
50 65
51 67
52 66
53 56
53 63
54 55
54 64
55 67
56 66
57 62
57 65
58 63
58 64
59 60
59 61
60 71
61 70
62 73
63 68
64 69
65 72
66 68
67 69
70 71
72 73
