0 1
0 2
0 3
1 69
1 73
2 68
2 70
3 71
3 72
4 25
4 26
4 49
5 10
5 11
5 37
6 9
6 12
6 15
7 8
7 11
7 12
8 9
8 10
9 18
10 29
11 30
12 31
13 14
13 19
13 27
14 22
14 28
15 16
15 20
16 21
16 33
17 21
17 32
17 35
18 20
18 22
19 23
19 36
20 24
21 24
22 23
23 26
24 25
25 47
26 41
27 40
27 58
28 29
28 40
29 38
30 31
30 39
31 46
32 33
32 45
33 44
34 35
34 42
34 48
35 43
36 41
36 59
37 38
37 39
38 55
39 53
40 55
41 52
42 47
42 57
43 45
43 50
44 46
44 54
45 54
46 53
47 51
48 50
48 56
49 51
49 52
50 67
51 62
52 60
53 63
54 63
55 61
56 57
56 66
57 62
58 61
58 64
59 60
59 65
60 73
61 70
62 69
63 68
64 65
64 71
65 72
66 67
66 69
67 68
70 71
72 73
