0 1
0 2
0 3
1 59
1 61
2 60
2 62
3 58
3 63
4 5
4 18
4 21
5 19
5 20
6 9
6 10
6 24
7 8
7 22
7 23
8 9
8 13
9 12
10 22
10 39
11 12
11 29
11 48
12 31
13 17
13 29
14 19
14 37
14 46
15 17
15 23
15 36
16 20
16 21
16 34
17 30
18 24
18 31
19 28
20 37
21 33
22 32
23 35
24 28
25 30
25 36
25 56
26 32
26 35
26 47
27 33
27 34
27 55
28 40
29 42
30 42
31 43
32 41
33 43
34 45
35 44
36 44
37 45
38 39
38 41
38 57
39 40
40 49
41 50
42 51
43 52
44 54
45 53
46 49
46 53
47 50
47 54
48 51
48 52
49 58
50 59
51 62
52 60
53 63
54 61
55 60
55 63
56 61
56 62
57 58
57 59
