0 1
0 2
0 3
1 69
1 70
2 71
2 72
3 68
3 73
4 5
4 6
4 59
5 50
5 58
6 49
6 57
7 31
7 51
7 52
8 28
8 40
8 51
9 10
9 11
9 52
10 32
10 33
11 31
11 34
12 13
12 35
12 36
13 17
13 19
14 15
14 22
14 37
15 21
15 25
16 20
16 22
16 38
17 53
17 54
18 19
18 24
18 36
19 23
20 28
20 39
21 24
21 29
22 27
23 26
23 53
24 26
25 27
25 30
26 32
27 34
28 31
29 30
29 32
30 33
33 34
35 42
35 54
36 44
37 38
37 44
38 43
39 40
39 43
40 41
41 46
41 58
42 48
42 56
43 46
44 47
45 49
45 55
45 56
46 50
47 48
47 50
48 49
51 62
52 63
53 64
54 65
55 57
55 67
56 66
57 61
58 60
59 60
59 61
60 69
61 68
62 63
62 69
63 70
64 65
64 71
65 72
66 67
66 73
67 68
70 71
72 73
