0 1
0 2
0 3
1 118
1 119
2 117
2 119
3 115
3 116
4 5
4 6
4 119
5 113
5 114
6 112
6 114
7 8
7 9
7 114
8 110
8 111
9 109
9 111
10 11
10 12
10 111
11 107
11 108
12 106
12 108
13 14
13 15
13 108
14 104
14 105
15 103
15 105
16 17
16 18
16 105
17 101
17 102
18 100
18 102
19 20
19 21
19 102
20 98
20 99
21 97
21 99
22 23
22 24
22 99
23 95
23 96
24 94
24 96
25 26
25 27
25 96
26 92
26 93
27 91
27 93
28 93
28 115
28 116
29 62
29 90
29 95
30 31
30 32
30 90
31 86
31 87
32 85
32 87
33 34
33 35
33 87
34 83
34 84
35 82
35 84
36 37
36 84
36 112
37 40
37 109
38 57
38 72
38 113
39 85
39 116
39 118
40 63
40 83
41 63
41 68
41 83
42 52
42 54
42 110
43 63
43 66
43 107
44 51
44 76
44 104
45 64
45 69
45 101
46 47
46 48
46 98
47 81
47 94
48 79
48 80
49 50
49 51
49 78
50 73
50 74
51 74
52 74
52 106
53 71
53 72
53 73
54 72
54 73
55 60
55 75
55 77
56 59
56 88
56 89
57 58
57 117
58 59
58 71
59 60
60 71
61 65
61 70
61 86
62 65
62 86
64 65
64 97
66 67
66 103
67 68
67 69
68 70
69 70
75 81
75 88
76 79
76 100
77 80
77 81
78 79
78 80
82 85
82 118
88 92
89 92
89 115
90 91
91 95
94 98
97 101
100 104
103 107
106 110
109 112
113 117
