0 1
0 2
0 3
1 74
1 75
2 73
2 76
3 72
3 77
4 5
4 6
4 41
5 29
5 40
6 30
6 39
7 14
7 15
7 16
8 9
8 31
8 32
9 10
9 11
10 13
10 34
11 12
11 33
12 13
12 14
13 15
14 19
15 20
16 17
16 18
17 19
17 24
18 20
18 23
19 21
20 22
21 28
21 38
22 27
22 37
23 24
23 27
24 28
25 30
25 36
25 38
26 29
26 35
26 37
27 29
28 30
31 34
31 53
32 33
32 52
33 50
34 51
35 40
35 48
36 39
36 49
37 47
38 46
39 43
40 42
41 42
41 43
42 56
43 57
44 51
44 59
44 63
45 50
45 58
45 62
46 49
46 61
47 48
47 60
48 56
49 57
50 55
51 54
52 53
52 55
53 54
54 65
55 64
56 67
57 66
58 61
58 70
59 60
59 71
60 67
61 66
62 64
62 69
63 65
63 68
64 75
65 74
66 73
67 72
68 71
68 77
69 70
69 76
70 73
71 72
74 77
75 76
