0 1
0 2
0 3
1 70
1 73
2 69
2 71
3 68
3 72
4 5
4 51
4 59
5 6
5 7
6 47
6 50
7 48
7 49
8 9
8 37
8 58
9 10
9 11
10 33
10 36
11 34
11 35
12 26
12 38
12 41
13 15
13 26
13 39
14 18
14 25
14 40
15 21
15 40
16 17
16 24
16 25
17 18
17 19
18 21
19 20
19 22
20 21
20 23
22 24
22 55
23 28
23 55
24 57
25 56
26 30
27 32
27 53
27 54
28 31
28 53
29 30
29 34
29 41
30 35
31 32
31 36
32 33
33 52
34 37
35 36
37 46
38 39
38 45
39 42
40 42
41 44
42 48
43 46
43 47
43 58
44 45
44 49
45 48
46 50
47 51
49 50
51 63
52 54
52 65
53 67
54 66
55 61
56 57
56 60
57 61
58 64
59 60
59 62
60 71
61 69
62 63
62 70
63 73
64 65
64 72
65 68
66 67
66 68
67 69
70 71
72 73
