0 1
0 2
0 3
1 69
1 71
2 70
2 73
3 68
3 72
4 42
4 44
4 58
5 6
5 7
5 41
6 39
6 48
7 40
7 47
8 9
8 42
8 46
9 10
9 11
10 27
10 28
11 26
11 29
12 13
12 18
12 20
13 14
13 15
14 16
14 33
15 30
15 43
16 17
16 32
17 19
17 22
18 25
18 43
19 21
19 31
20 23
20 24
21 27
21 44
22 23
22 27
23 28
24 25
24 29
25 26
26 46
28 29
30 33
30 34
31 32
31 36
32 35
33 35
34 38
34 48
35 38
36 37
36 49
37 40
37 45
38 39
39 40
41 50
41 59
42 55
43 53
44 54
45 47
45 51
46 52
47 50
48 56
49 51
49 57
50 67
51 66
52 55
52 63
53 56
53 63
54 57
54 60
55 62
56 61
57 65
58 60
58 62
59 61
59 64
60 69
61 72
62 68
63 68
64 67
64 73
65 66
65 69
66 71
67 70
70 71
72 73
